Dynamical matrix file
default                                                                    
  2    4   4   7.7271278   0.0000000   5.9661236   0.0000000   0.0000000   0.0000000
           1  'In  '    104650.205105250     
           2  'Se  '    71967.6374358595     
    1    1     -0.0000000050      0.5773502721      1.0573362323
    2    1     -0.0000000050      0.5773502721      1.7491692554
    3    2      0.5000000050      0.2886751317      0.7452704650
    4    2      0.5000000050      0.2886751317      2.0612350764

     Dynamical  Matrix in cartesian axes

     q = (    0.000000000   0.020000000   0.010000000 ) 

    1    1
  0.09464298   0.00000000     0.00000007  -0.00000000    -0.00000012  -0.00000000
  0.00000007   0.00000000     0.11187443   0.00000000     0.00084935  -0.00215632
 -0.00000012   0.00000000     0.00084935   0.00215632     0.21654986   0.00000000
    1    2
  0.00117855   0.00000000     0.00000001  -0.00000001     0.00000001   0.00000002
 -0.00000001   0.00000000     0.01792923  -0.00015340     0.00081618  -0.00246338
  0.00000002   0.00000001     0.00070222  -0.00249951    -0.09085302  -0.00003405
    1    3
 -0.09046197  -0.00110154    -0.00000002   0.00000001     0.00000000   0.00000000
 -0.00000003   0.00000002    -0.10722371  -0.00652041    -0.00112821   0.00628869
  0.00000000  -0.00000001    -0.00095392   0.00268634    -0.12258093  -0.00442493
    1    4
 -0.00493103   0.00005677    -0.00000001   0.00000001    -0.00000000   0.00000000
  0.00000002  -0.00000006    -0.02169493  -0.00140558    -0.00084654   0.00129858
 -0.00000001   0.00000002    -0.00084601   0.00210810    -0.00242185  -0.00007470
    2    1
  0.00117855  -0.00000000    -0.00000001  -0.00000000     0.00000002  -0.00000001
  0.00000001   0.00000001     0.01792923   0.00015340     0.00070222   0.00249951
  0.00000001  -0.00000002     0.00081618   0.00246338    -0.09085302   0.00003405
    2    2
  0.09464064   0.00000000     0.00000008   0.00000002     0.00000000  -0.00000001
  0.00000008  -0.00000002     0.11187072   0.00000000     0.00067242   0.00219276
  0.00000000   0.00000001     0.00067242  -0.00219276     0.21632457   0.00000000
    2    3
 -0.00493110   0.00005677     0.00000001   0.00000000     0.00000001  -0.00000000
 -0.00000002   0.00000002    -0.02168172  -0.00162310    -0.00067295  -0.00139017
 -0.00000000   0.00000000    -0.00067059  -0.00217126    -0.00242085  -0.00010067
    2    4
 -0.09046205  -0.00110154    -0.00000001  -0.00000000     0.00000001   0.00000000
  0.00000001  -0.00000005    -0.10721607  -0.00660841    -0.00038970  -0.00638013
  0.00000001   0.00000000    -0.00056555  -0.00274958    -0.12258070  -0.00446702
    3    1
 -0.09046197   0.00110154    -0.00000003  -0.00000002     0.00000000   0.00000001
 -0.00000002  -0.00000001    -0.10722371   0.00652041    -0.00095392  -0.00268634
  0.00000000  -0.00000000    -0.00112821  -0.00628869    -0.12258093   0.00442493
    3    2
 -0.00493110  -0.00005677    -0.00000002  -0.00000002    -0.00000000  -0.00000000
  0.00000001  -0.00000000    -0.02168172   0.00162310    -0.00067059   0.00217126
  0.00000001   0.00000000    -0.00067295   0.00139017    -0.00242085   0.00010067
    3    3
  0.09666500   0.00000000     0.00000005  -0.00000005     0.00000014  -0.00000005
  0.00000005   0.00000005     0.11379279   0.00000000     0.00077842  -0.00222225
  0.00000014   0.00000005     0.00077842   0.00222225     0.12538776   0.00000000
    3    4
 -0.00109704  -0.00000000     0.00000002   0.00000002     0.00000000  -0.00000000
 -0.00000001   0.00000007     0.01574701  -0.00006468     0.00075328  -0.00155975
  0.00000000   0.00000001     0.00076559  -0.00155181    -0.00008658   0.00000799
    4    1
 -0.00493103  -0.00005677     0.00000002   0.00000006    -0.00000001  -0.00000002
 -0.00000001  -0.00000001    -0.02169493   0.00140558    -0.00084601  -0.00210810
 -0.00000000  -0.00000000    -0.00084654  -0.00129858    -0.00242185   0.00007470
    4    2
 -0.09046205   0.00110154     0.00000001   0.00000005     0.00000001  -0.00000000
 -0.00000001   0.00000000    -0.10721607   0.00660841    -0.00056555   0.00274958
  0.00000001  -0.00000000    -0.00038970   0.00638013    -0.12258070   0.00446702
    4    3
 -0.00109704   0.00000000    -0.00000001  -0.00000007     0.00000000  -0.00000001
  0.00000002  -0.00000002     0.01574701   0.00006468     0.00076559   0.00155181
  0.00000000   0.00000000     0.00075328   0.00155975    -0.00008658  -0.00000799
    4    4
  0.09664848   0.00000000    -0.00000009  -0.00000009    -0.00000014  -0.00000005
 -0.00000009   0.00000009     0.11377261   0.00000000     0.00073992   0.00221433
 -0.00000014   0.00000005     0.00073992  -0.00221433     0.12532335   0.00000000

     Dynamical  Matrix in cartesian axes

     q = (    0.000000000  -0.020000000  -0.010000000 ) 

    1    1
  0.09464298   0.00000000     0.00000007   0.00000000    -0.00000012   0.00000000
  0.00000007  -0.00000000     0.11187443   0.00000000     0.00084935   0.00215632
 -0.00000012  -0.00000000     0.00084935  -0.00215632     0.21654986   0.00000000
    1    2
  0.00117855  -0.00000000     0.00000001   0.00000001     0.00000001  -0.00000002
 -0.00000001  -0.00000000     0.01792923   0.00015340     0.00081618   0.00246338
  0.00000002  -0.00000001     0.00070222   0.00249951    -0.09085302   0.00003405
    1    3
 -0.09046197   0.00110154    -0.00000002  -0.00000001     0.00000000  -0.00000000
 -0.00000003  -0.00000002    -0.10722371   0.00652041    -0.00112821  -0.00628869
  0.00000000   0.00000001    -0.00095392  -0.00268634    -0.12258093   0.00442493
    1    4
 -0.00493103  -0.00005677    -0.00000001  -0.00000001    -0.00000000  -0.00000000
  0.00000002   0.00000006    -0.02169493   0.00140558    -0.00084654  -0.00129858
 -0.00000001  -0.00000002    -0.00084601  -0.00210810    -0.00242185   0.00007470
    2    1
  0.00117855   0.00000000    -0.00000001   0.00000000     0.00000002   0.00000001
  0.00000001  -0.00000001     0.01792923  -0.00015340     0.00070222  -0.00249951
  0.00000001   0.00000002     0.00081618  -0.00246338    -0.09085302  -0.00003405
    2    2
  0.09464064   0.00000000     0.00000008  -0.00000002     0.00000000   0.00000001
  0.00000008   0.00000002     0.11187072   0.00000000     0.00067242  -0.00219276
  0.00000000  -0.00000001     0.00067242   0.00219276     0.21632457   0.00000000
    2    3
 -0.00493110  -0.00005677     0.00000001  -0.00000000     0.00000001   0.00000000
 -0.00000002  -0.00000002    -0.02168172   0.00162310    -0.00067295   0.00139017
 -0.00000000  -0.00000000    -0.00067059   0.00217126    -0.00242085   0.00010067
    2    4
 -0.09046205   0.00110154    -0.00000001   0.00000000     0.00000001  -0.00000000
  0.00000001   0.00000005    -0.10721607   0.00660841    -0.00038970   0.00638013
  0.00000001  -0.00000000    -0.00056555   0.00274958    -0.12258070   0.00446702
    3    1
 -0.09046197  -0.00110154    -0.00000003   0.00000002     0.00000000  -0.00000001
 -0.00000002   0.00000001    -0.10722371  -0.00652041    -0.00095392   0.00268634
  0.00000000   0.00000000    -0.00112821   0.00628869    -0.12258093  -0.00442493
    3    2
 -0.00493110   0.00005677    -0.00000002   0.00000002    -0.00000000   0.00000000
  0.00000001   0.00000000    -0.02168172  -0.00162310    -0.00067059  -0.00217126
  0.00000001  -0.00000000    -0.00067295  -0.00139017    -0.00242085  -0.00010067
    3    3
  0.09666500   0.00000000     0.00000005   0.00000005     0.00000014   0.00000005
  0.00000005  -0.00000005     0.11379279   0.00000000     0.00077842   0.00222225
  0.00000014  -0.00000005     0.00077842  -0.00222225     0.12538776   0.00000000
    3    4
 -0.00109704   0.00000000     0.00000002  -0.00000002     0.00000000   0.00000000
 -0.00000001  -0.00000007     0.01574701   0.00006468     0.00075328   0.00155975
  0.00000000  -0.00000001     0.00076559   0.00155181    -0.00008658  -0.00000799
    4    1
 -0.00493103   0.00005677     0.00000002  -0.00000006    -0.00000001   0.00000002
 -0.00000001   0.00000001    -0.02169493  -0.00140558    -0.00084601   0.00210810
 -0.00000000   0.00000000    -0.00084654   0.00129858    -0.00242185  -0.00007470
    4    2
 -0.09046205  -0.00110154     0.00000001  -0.00000005     0.00000001   0.00000000
 -0.00000001  -0.00000000    -0.10721607  -0.00660841    -0.00056555  -0.00274958
  0.00000001   0.00000000    -0.00038970  -0.00638013    -0.12258070  -0.00446702
    4    3
 -0.00109704  -0.00000000    -0.00000001   0.00000007     0.00000000   0.00000001
  0.00000002   0.00000002     0.01574701  -0.00006468     0.00076559  -0.00155181
  0.00000000  -0.00000000     0.00075328  -0.00155975    -0.00008658   0.00000799
    4    4
  0.09664848   0.00000000    -0.00000009   0.00000009    -0.00000014   0.00000005
 -0.00000009  -0.00000009     0.11377261   0.00000000     0.00073992  -0.00221433
 -0.00000014  -0.00000005     0.00073992   0.00221433     0.12532335   0.00000000

     Effective Charges U-E: Z_{s,alpha}{beta}

     atom #    1
      0.553604787316E-08     -0.918634749039E-08      0.000000000000E+00      0.000000000000E+00      0.000000000000E+00      0.000000000000E+00
     -0.519424411231E-03     -0.130077597992E-01      0.000000000000E+00      0.000000000000E+00      0.000000000000E+00      0.000000000000E+00
      0.335294109345E-03     -0.745509872826E-03      0.000000000000E+00      0.000000000000E+00      0.000000000000E+00      0.000000000000E+00
     atom #    2
     -0.121147803086E-08      0.172463992197E-08      0.000000000000E+00      0.000000000000E+00      0.000000000000E+00      0.000000000000E+00
     -0.994146418373E-04     -0.130173339604E-01      0.000000000000E+00      0.000000000000E+00      0.000000000000E+00      0.000000000000E+00
     -0.335308615867E-03     -0.744957727582E-03      0.000000000000E+00      0.000000000000E+00      0.000000000000E+00      0.000000000000E+00
     atom #    3
      0.181908639842E-07      0.201435977190E-07      0.000000000000E+00      0.000000000000E+00      0.000000000000E+00      0.000000000000E+00
      0.436432740642E-03      0.129216504925E-01      0.000000000000E+00      0.000000000000E+00      0.000000000000E+00      0.000000000000E+00
      0.339186768314E-04      0.697738904482E-03      0.000000000000E+00      0.000000000000E+00      0.000000000000E+00      0.000000000000E+00
     atom #    4
     -0.503962958115E-07     -0.148776286361E-07      0.000000000000E+00      0.000000000000E+00      0.000000000000E+00      0.000000000000E+00
     -0.573327129168E-03      0.129149213515E-01      0.000000000000E+00      0.000000000000E+00      0.000000000000E+00      0.000000000000E+00
     -0.340310635404E-04      0.700480469510E-03      0.000000000000E+00      0.000000000000E+00      0.000000000000E+00      0.000000000000E+00

     Diagonalizing the dynamical matrix

     q = (    0.000000000   0.020000000   0.010000000 ) 

 **************************************************************************
     freq (    1) =       0.167478 [THz] =       5.586453 [cm-1]
 (  0.000140  0.000222  0.001523  0.020988  0.498276  0.018125 ) 
 (  0.000143  0.000224  0.002577 -0.020788  0.499030  0.018161 ) 
 (  0.000142  0.000221  0.003031  0.040448  0.498435  0.000135 ) 
 (  0.000146  0.000223  0.001064 -0.040545  0.499422  0.000000 ) 
     freq (    2) =       0.188916 [THz] =       6.301546 [cm-1]
 ( -0.267017 -0.422217 -0.000026  0.000103  0.000264  0.000010 ) 
 ( -0.267267 -0.422614 -0.000025  0.000078  0.000263  0.000009 ) 
 ( -0.271835 -0.419592 -0.000020  0.000114  0.000261  0.000000 ) 
 ( -0.272105 -0.420009 -0.000021  0.000069  0.000266  0.000000 ) 
     freq (    3) =       0.229324 [THz] =       7.649416 [cm-1]
 (  0.000059  0.000072 -0.086925  0.492054  0.001341 -0.001838 ) 
 (  0.000059  0.000074 -0.087178  0.492513 -0.000667 -0.002208 ) 
 (  0.000059  0.000071 -0.055878  0.496406 -0.015931 -0.004043 ) 
 (  0.000060  0.000074 -0.056268  0.496888  0.016513  0.000000 ) 
     freq (    4) =       1.105771 [THz] =      36.884558 [cm-1]
 (  0.376408  0.346737 -0.000001 -0.000052  0.000004  0.000001 ) 
 ( -0.376038 -0.346398  0.000002  0.000054  0.000004  0.000001 ) 
 (  0.363692  0.326032 -0.000004 -0.000049  0.000006 -0.000000 ) 
 ( -0.363354 -0.325728  0.000005  0.000052  0.000006  0.000000 ) 
     freq (    5) =       1.115996 [THz] =      37.225614 [cm-1]
 (  0.000038  0.000040 -0.018804  0.511246 -0.020834 -0.001071 ) 
 ( -0.000036 -0.000037  0.018898 -0.510722 -0.020875 -0.001086 ) 
 (  0.000036  0.000038  0.010697  0.486422 -0.040231  0.000018 ) 
 ( -0.000035 -0.000035 -0.010852 -0.485931 -0.040276  0.000000 ) 
     freq (    6) =       2.996656 [THz] =      99.957686 [cm-1]
 ( -0.000001  0.000000 -0.000168  0.003099 -0.338945 -0.012323 ) 
 ( -0.000001 -0.000000 -0.000168  0.003076  0.338183  0.012075 ) 
 (  0.000000  0.000000 -0.000231 -0.023793 -0.620628  0.000321 ) 
 ( -0.000000  0.000000 -0.000261 -0.023759  0.619775  0.000000 ) 
     freq (    7) =       4.807449 [THz] =     160.359230 [cm-1]
 (  0.000049  0.000021  0.028091 -0.383248 -0.053497 -0.002395 ) 
 ( -0.000047 -0.000018 -0.026706  0.383426 -0.053545 -0.002354 ) 
 ( -0.000075 -0.000031 -0.008250  0.588615  0.053492 -0.000081 ) 
 (  0.000072  0.000027  0.006224 -0.588693  0.053554  0.000000 ) 
     freq (    8) =       4.810857 [THz] =     160.472914 [cm-1]
 ( -0.353215 -0.159853  0.000006 -0.000051 -0.000007 -0.000000 ) 
 (  0.353761  0.160098 -0.000005  0.000051 -0.000006 -0.000000 ) 
 (  0.541440  0.236255 -0.000005  0.000079  0.000007  0.000000 ) 
 ( -0.542184 -0.236580  0.000003 -0.000078  0.000007  0.000000 ) 
     freq (    9) =       4.923941 [THz] =     164.245001 [cm-1]
 ( -0.141370  0.375426 -0.000001  0.000001  0.000001 -0.000000 ) 
 ( -0.141179  0.374923  0.000002 -0.000000  0.000000  0.000001 ) 
 (  0.199434 -0.547743  0.000001 -0.000001 -0.000000 -0.000001 ) 
 (  0.199134 -0.546919 -0.000003  0.000001 -0.000000  0.000000 ) 
     freq (   10) =       5.636013 [THz] =     187.997155 [cm-1]
 (  0.000000  0.000000  0.130844  0.054816 -0.374581 -0.009027 ) 
 (  0.000000 -0.000000  0.135802 -0.043232 -0.375076 -0.007234 ) 
 (  0.000000 -0.000000 -0.194036 -0.049586  0.546227 -0.015838 ) 
 ( -0.000001  0.000000 -0.193598  0.056958  0.546799  0.000000 ) 
     freq (   11) =       5.744092 [THz] =     191.602295 [cm-1]
 ( -0.000001  0.000000 -0.375042 -0.050192 -0.130305 -0.019772 ) 
 (  0.000000  0.000001 -0.368881 -0.082999 -0.131490 -0.021219 ) 
 (  0.000001 -0.000000  0.547601  0.045222  0.188290  0.045910 ) 
 ( -0.000001 -0.000002  0.542910  0.080208  0.195177  0.000000 ) 
     freq (   12) =       6.454348 [THz] =     215.293861 [cm-1]
 ( -0.000000 -0.000000  0.000466  0.000518  0.553882  0.021310 ) 
 (  0.000000  0.000000  0.000373  0.000561 -0.553028 -0.020399 ) 
 ( -0.000000  0.000000 -0.000899 -0.016737 -0.439752 -0.001280 ) 
 ( -0.000001 -0.000000 -0.000811 -0.016775  0.438813  0.000000 ) 
 **************************************************************************
