Dynamical matrix file
default                                                                    
  2    4   4   7.7271278   0.0000000   5.9661236   0.0000000   0.0000000   0.0000000
           1  'In  '    104650.205105250     
           2  'Se  '    71967.6374358595     
    1    1     -0.0000000050      0.5773502721      1.0573362323
    2    1     -0.0000000050      0.5773502721      1.7491692554
    3    2      0.5000000050      0.2886751317      0.7452704650
    4    2      0.5000000050      0.2886751317      2.0612350764

     Dynamical  Matrix in cartesian axes

     q = (    0.000000000   0.000000000   0.000000000 ) 

    1    1
  0.09467285   0.00000000     0.00000002   0.00000000    -0.00000003   0.00000000
  0.00000002   0.00000000     0.09467377   0.00000000     0.00000010   0.00000000
 -0.00000003   0.00000000     0.00000010   0.00000000     0.21681622   0.00000000
    1    2
  0.00117870   0.00000000     0.00000000   0.00000000     0.00000008   0.00000000
  0.00000000   0.00000000     0.00117760   0.00000000    -0.00000011   0.00000000
 -0.00000007   0.00000000     0.00000008   0.00000000    -0.09069376   0.00000000
    1    3
 -0.09052271   0.00000000    -0.00000001   0.00000000    -0.00000004   0.00000000
 -0.00000001   0.00000000    -0.09052311   0.00000000     0.00000005   0.00000000
  0.00000008   0.00000000    -0.00000010   0.00000000    -0.12297047   0.00000000
    1    4
 -0.00492629   0.00000000    -0.00000000   0.00000000     0.00000003   0.00000000
 -0.00000000   0.00000000    -0.00492680   0.00000000    -0.00000004   0.00000000
 -0.00000006   0.00000000    -0.00000010   0.00000000    -0.00253450   0.00000000
    2    1
  0.00117870   0.00000000     0.00000000   0.00000000    -0.00000007   0.00000000
  0.00000000   0.00000000     0.00117760   0.00000000     0.00000008   0.00000000
  0.00000008   0.00000000    -0.00000011   0.00000000    -0.09069376   0.00000000
    2    2
  0.09465369   0.00000000    -0.00000007   0.00000000     0.00000002   0.00000000
 -0.00000007   0.00000000     0.09465424   0.00000000    -0.00000008   0.00000000
  0.00000002   0.00000000    -0.00000008   0.00000000     0.21657330   0.00000000
    2    3
 -0.00492629   0.00000000    -0.00000000   0.00000000    -0.00000003   0.00000000
 -0.00000000   0.00000000    -0.00492683   0.00000000     0.00000003   0.00000000
 -0.00000010   0.00000000     0.00000011   0.00000000    -0.00253444   0.00000000
    2    4
 -0.09052246   0.00000000    -0.00000001   0.00000000     0.00000004   0.00000000
 -0.00000001   0.00000000    -0.09052311   0.00000000    -0.00000004   0.00000000
  0.00000004   0.00000000     0.00000009   0.00000000    -0.12297146   0.00000000
    3    1
 -0.09052271   0.00000000    -0.00000001   0.00000000     0.00000008   0.00000000
 -0.00000001   0.00000000    -0.09052311   0.00000000    -0.00000010   0.00000000
 -0.00000004   0.00000000     0.00000005   0.00000000    -0.12297047   0.00000000
    3    2
 -0.00492629   0.00000000    -0.00000000   0.00000000    -0.00000010   0.00000000
 -0.00000000   0.00000000    -0.00492683   0.00000000     0.00000011   0.00000000
 -0.00000003   0.00000000     0.00000003   0.00000000    -0.00253444   0.00000000
    3    3
  0.09658988   0.00000000     0.00000001   0.00000000     0.00000005   0.00000000
  0.00000001   0.00000000     0.09659013   0.00000000    -0.00000005   0.00000000
  0.00000005   0.00000000    -0.00000005   0.00000000     0.12553601   0.00000000
    3    4
 -0.00109416   0.00000000    -0.00000000   0.00000000    -0.00000004   0.00000000
  0.00000000   0.00000000    -0.00109403   0.00000000     0.00000004   0.00000000
 -0.00000002   0.00000000    -0.00000004   0.00000000    -0.00003348   0.00000000
    4    1
 -0.00492629   0.00000000    -0.00000000   0.00000000    -0.00000006   0.00000000
 -0.00000000   0.00000000    -0.00492680   0.00000000    -0.00000010   0.00000000
  0.00000003   0.00000000    -0.00000004   0.00000000    -0.00253450   0.00000000
    4    2
 -0.09052246   0.00000000    -0.00000001   0.00000000     0.00000004   0.00000000
 -0.00000001   0.00000000    -0.09052311   0.00000000     0.00000009   0.00000000
  0.00000004   0.00000000    -0.00000004   0.00000000    -0.12297146   0.00000000
    4    3
 -0.00109416   0.00000000     0.00000000   0.00000000    -0.00000002   0.00000000
 -0.00000000   0.00000000    -0.00109403   0.00000000    -0.00000004   0.00000000
 -0.00000004   0.00000000     0.00000004   0.00000000    -0.00003348   0.00000000
    4    4
  0.09657190   0.00000000     0.00000001   0.00000000     0.00000001   0.00000000
  0.00000001   0.00000000     0.09657218   0.00000000     0.00000005   0.00000000
  0.00000001   0.00000000     0.00000005   0.00000000     0.12546870   0.00000000

     Dielectric Tensor:

          3.447177977497         -0.000000001836          0.000000005385
         -0.000000001853          3.447177988361          0.000000002928
          0.000000016904          0.000000016514          1.425135640541

     Effective Charges E-U: Z_{alpha}{s,beta}

     atom #    1
          2.461411083105          0.000000023421         -0.000000407412
          0.000000022524          2.461411098799         -0.000000538325
         -0.000000003651          0.000000003185          0.239015026996
     atom #    2
          2.461413052198          0.000000005579         -0.000000474797
         -0.000000010953          2.461413092642         -0.000000501771
         -0.000000004036          0.000000006449          0.239016848075
     atom #    3
         -2.462451475206         -0.000000036695         -0.000000133735
         -0.000000029709         -2.462451494630         -0.000000122640
         -0.000000007017          0.000000002014         -0.238690220230
     atom #    4
         -2.462455579152         -0.000000052598         -0.000000130207
         -0.000000026104         -2.462455600735         -0.000000149985
         -0.000000006957         -0.000000007104         -0.238674659733

     Diagonalizing the dynamical matrix

     q = (    0.000000000   0.000000000   0.000000000 ) 

 **************************************************************************
     freq (    1) =       0.162073 [THz] =       5.406172 [cm-1]
 (  0.007556  0.000000  0.499094  0.000000  0.000162  0.000000 ) 
 (  0.007573  0.000000  0.500070  0.000000  0.000162  0.000000 ) 
 (  0.007567  0.000000  0.499828  0.000000  0.000162  0.000000 ) 
 (  0.007583  0.000000  0.500777  0.000000  0.000162  0.000000 ) 
     freq (    2) =       0.162464 [THz] =       5.419205 [cm-1]
 ( -0.499105  0.000000  0.007558  0.000000 -0.000423  0.000000 ) 
 ( -0.500058  0.000000  0.007571  0.000000 -0.000424  0.000000 ) 
 ( -0.499839  0.000000  0.007569  0.000000 -0.000424  0.000000 ) 
 ( -0.500767  0.000000  0.007581  0.000000 -0.000424  0.000000 ) 
     freq (    3) =       0.167619 [THz] =       5.591157 [cm-1]
 ( -0.000427  0.000000 -0.000155  0.000000  0.499150  0.000000 ) 
 ( -0.000425  0.000000 -0.000155  0.000000  0.499958  0.000000 ) 
 ( -0.000427  0.000000 -0.000156  0.000000  0.499920  0.000000 ) 
 ( -0.000426  0.000000 -0.000156  0.000000  0.500969  0.000000 ) 
     freq (    4) =       1.101155 [THz] =      36.730582 [cm-1]
 ( -0.511741  0.000000 -0.007929  0.000000 -0.000001  0.000000 ) 
 (  0.510789  0.000000  0.007911  0.000000 -0.000002  0.000000 ) 
 ( -0.488822  0.000000 -0.007574  0.000000 -0.000000  0.000000 ) 
 (  0.487882  0.000000  0.007556  0.000000 -0.000002  0.000000 ) 
     freq (    5) =       1.101212 [THz] =      36.732469 [cm-1]
 (  0.007926  0.000000 -0.511749  0.000000 -0.000000  0.000000 ) 
 ( -0.007914  0.000000  0.510776  0.000000 -0.000000  0.000000 ) 
 (  0.007571  0.000000 -0.488835  0.000000 -0.000000  0.000000 ) 
 ( -0.007559  0.000000  0.487873  0.000000 -0.000000  0.000000 ) 
     freq (    6) =       2.997701 [THz] =      99.992543 [cm-1]
 ( -0.000001  0.000000  0.000001  0.000000 -0.339363  0.000000 ) 
 (  0.000001  0.000000  0.000001  0.000000  0.338548  0.000000 ) 
 (  0.000001  0.000000 -0.000001  0.000000 -0.621029  0.000000 ) 
 (  0.000001  0.000000 -0.000001  0.000000  0.620114  0.000000 ) 
     freq (    7) =       4.810914 [THz] =     160.474829 [cm-1]
 (  0.387743  0.000000 -0.004525  0.000000 -0.000000  0.000000 ) 
 ( -0.388639  0.000000  0.004534  0.000000 -0.000000  0.000000 ) 
 ( -0.590324  0.000000  0.006889  0.000000 -0.000001  0.000000 ) 
 (  0.591605  0.000000 -0.006902  0.000000  0.000001  0.000000 ) 
     freq (    8) =       4.810923 [THz] =     160.475125 [cm-1]
 ( -0.004523  0.000000 -0.387749  0.000000 -0.000000  0.000000 ) 
 (  0.004535  0.000000  0.388638  0.000000 -0.000000  0.000000 ) 
 (  0.006887  0.000000  0.590327  0.000000  0.000000  0.000000 ) 
 ( -0.006904  0.000000 -0.591599  0.000000  0.000000  0.000000 ) 
     freq (    9) =       4.923998 [THz] =     164.246879 [cm-1]
 ( -0.401487  0.000000  0.002824  0.000000  0.000000  0.000000 ) 
 ( -0.400627  0.000000  0.002820  0.000000 -0.000000  0.000000 ) 
 (  0.583009  0.000000 -0.004101  0.000000  0.000001  0.000000 ) 
 (  0.581685  0.000000 -0.004094  0.000000 -0.000001  0.000000 ) 
     freq (   10) =       4.924013 [THz] =     164.247384 [cm-1]
 ( -0.002826  0.000000 -0.401483  0.000000 -0.000000  0.000000 ) 
 ( -0.002818  0.000000 -0.400629  0.000000  0.000000  0.000000 ) 
 (  0.004103  0.000000  0.583005  0.000000 -0.000002  0.000000 ) 
 (  0.004092  0.000000  0.581690  0.000000  0.000002  0.000000 ) 
     freq (   11) =       5.645536 [THz] =     188.314801 [cm-1]
 ( -0.000000  0.000000  0.000000  0.000000 -0.400707  0.000000 ) 
 (  0.000000  0.000000 -0.000000  0.000000 -0.401611  0.000000 ) 
 (  0.000000  0.000000 -0.000000  0.000000  0.581893  0.000000 ) 
 ( -0.000000  0.000000  0.000000  0.000000  0.582704  0.000000 ) 
     freq (   12) =       6.456268 [THz] =     215.357908 [cm-1]
 ( -0.000000  0.000000  0.000000  0.000000  0.554165  0.000000 ) 
 ( -0.000000  0.000000  0.000000  0.000000 -0.553252  0.000000 ) 
 (  0.000000  0.000000 -0.000001  0.000000 -0.440253  0.000000 ) 
 ( -0.000000  0.000000 -0.000001  0.000000  0.439306  0.000000 ) 
 **************************************************************************
