Dynamical matrix file
default                                                                    
  2    4   4   7.7271278   0.0000000   5.9661236   0.0000000   0.0000000   0.0000000
           1  'In  '    104650.205105250     
           2  'Se  '    71967.6374358595     
    1    1     -0.0000000050      0.5773502721      1.0573362323
    2    1     -0.0000000050      0.5773502721      1.7491692554
    3    2      0.5000000050      0.2886751317      0.7452704650
    4    2      0.5000000050      0.2886751317      2.0612350764

     Dynamical  Matrix in cartesian axes

     q = (    0.020000000   0.010000000   0.000000000 ) 

    1    1
  0.10982882   0.00000000     0.00759614   0.00009000    -0.00008748  -0.00212785
  0.00759614  -0.00009000     0.09844098   0.00000000    -0.00006508  -0.00106400
 -0.00008748   0.00212785    -0.00006508   0.00106400     0.21642933   0.00000000
    1    2
  0.01589000  -0.00000003     0.00735788   0.00008753    -0.00005760  -0.00250995
  0.00735787  -0.00008756     0.00485898  -0.00000001    -0.00004327  -0.00125496
  0.00005749  -0.00250983     0.00004321  -0.00125493    -0.09095280   0.00000002
    1    3
 -0.10515060   0.00622645    -0.00733490   0.00274579     0.00042206   0.00633108
 -0.00733178   0.00281628    -0.09409471   0.00327888     0.00024625   0.00316396
  0.00021924   0.00275943     0.00013334   0.00137862    -0.12240192   0.00547052
    1    4
 -0.01964195   0.00142846    -0.00735137   0.00080064     0.00009729   0.00132610
 -0.00734839   0.00086846    -0.00860446   0.00042896     0.00005755   0.00066265
  0.00010743   0.00217061     0.00005632   0.00108518    -0.00233366   0.00010407
    2    1
  0.01589000   0.00000003     0.00735787   0.00008756     0.00005749   0.00250983
  0.00735788  -0.00008753     0.00485898   0.00000001     0.00004321   0.00125493
 -0.00005760   0.00250995    -0.00004327   0.00125496    -0.09095280  -0.00000002
    2    2
  0.10982608   0.00000000     0.00759625   0.00008999     0.00008731   0.00212810
  0.00759625  -0.00008999     0.09843843   0.00000000     0.00006526   0.00106403
  0.00008731  -0.00212810     0.00006526  -0.00106403     0.21620395   0.00000000
    2    3
 -0.01964197   0.00142843    -0.00735142   0.00080060    -0.00009734  -0.00132618
 -0.00734841   0.00086844    -0.00860456   0.00042894    -0.00005757  -0.00066267
 -0.00010743  -0.00217069    -0.00005625  -0.00108517    -0.00233390   0.00010404
    2    4
 -0.10515065   0.00622645    -0.00733484   0.00274579    -0.00042208  -0.00633098
 -0.00733174   0.00281627    -0.09409464   0.00327888    -0.00024626  -0.00316395
 -0.00021926  -0.00275952    -0.00013337  -0.00137868    -0.12240325   0.00547063
    3    1
 -0.10515060  -0.00622645    -0.00733178  -0.00281628     0.00021924  -0.00275943
 -0.00733490  -0.00274579    -0.09409471  -0.00327888     0.00013334  -0.00137862
  0.00042206  -0.00633108     0.00024625  -0.00316396    -0.12240192  -0.00547052
    3    2
 -0.01964197  -0.00142843    -0.00734841  -0.00086844    -0.00010743   0.00217069
 -0.00735142  -0.00080060    -0.00860456  -0.00042894    -0.00005625   0.00108517
 -0.00009734   0.00132618    -0.00005757   0.00066267    -0.00233390  -0.00010404
    3    3
  0.11176190   0.00000000     0.00753913  -0.00001903    -0.00001879  -0.00222114
  0.00753913   0.00001903     0.10045365   0.00000000    -0.00001456  -0.00111062
 -0.00001879   0.00222114    -0.00001456   0.00111062     0.12529211   0.00000000
    3    4
  0.01369872  -0.00000001     0.00739833  -0.00001992     0.00000575  -0.00154166
  0.00739834   0.00001988     0.00260146  -0.00000002     0.00000486  -0.00077085
 -0.00000573  -0.00154170    -0.00000483  -0.00077086    -0.00015902   0.00000001
    4    1
 -0.01964195  -0.00142846    -0.00734839  -0.00086846     0.00010743  -0.00217061
 -0.00735137  -0.00080064    -0.00860446  -0.00042896     0.00005632  -0.00108518
  0.00009729  -0.00132610     0.00005755  -0.00066265    -0.00233366  -0.00010407
    4    2
 -0.10515065  -0.00622645    -0.00733174  -0.00281627    -0.00021926   0.00275952
 -0.00733484  -0.00274579    -0.09409464  -0.00327888    -0.00013337   0.00137868
 -0.00042208   0.00633098    -0.00024626   0.00316395    -0.12240325  -0.00547063
    4    3
  0.01369872   0.00000001     0.00739834  -0.00001988    -0.00000573   0.00154170
  0.00739833   0.00001992     0.00260146   0.00000002    -0.00000483   0.00077086
  0.00000575   0.00154166     0.00000486   0.00077085    -0.00015902  -0.00000001
    4    4
  0.11174496   0.00000000     0.00753894  -0.00001912     0.00001879   0.00222119
  0.00753894   0.00001912     0.10043681   0.00000000     0.00001472   0.00111052
  0.00001879  -0.00222119     0.00001472  -0.00111052     0.12522735   0.00000000

     Dynamical  Matrix in cartesian axes

     q = (   -0.020000000  -0.010000000   0.000000000 ) 

    1    1
  0.10982882   0.00000000     0.00759614  -0.00009000    -0.00008748   0.00212785
  0.00759614   0.00009000     0.09844098   0.00000000    -0.00006508   0.00106400
 -0.00008748  -0.00212785    -0.00006508  -0.00106400     0.21642933   0.00000000
    1    2
  0.01589000   0.00000003     0.00735788  -0.00008753    -0.00005760   0.00250995
  0.00735787   0.00008756     0.00485898   0.00000001    -0.00004327   0.00125496
  0.00005749   0.00250983     0.00004321   0.00125493    -0.09095280  -0.00000002
    1    3
 -0.10515060  -0.00622645    -0.00733490  -0.00274579     0.00042206  -0.00633108
 -0.00733178  -0.00281628    -0.09409471  -0.00327888     0.00024625  -0.00316396
  0.00021924  -0.00275943     0.00013334  -0.00137862    -0.12240192  -0.00547052
    1    4
 -0.01964195  -0.00142846    -0.00735137  -0.00080064     0.00009729  -0.00132610
 -0.00734839  -0.00086846    -0.00860446  -0.00042896     0.00005755  -0.00066265
  0.00010743  -0.00217061     0.00005632  -0.00108518    -0.00233366  -0.00010407
    2    1
  0.01589000  -0.00000003     0.00735787  -0.00008756     0.00005749  -0.00250983
  0.00735788   0.00008753     0.00485898  -0.00000001     0.00004321  -0.00125493
 -0.00005760  -0.00250995    -0.00004327  -0.00125496    -0.09095280   0.00000002
    2    2
  0.10982608   0.00000000     0.00759625  -0.00008999     0.00008731  -0.00212810
  0.00759625   0.00008999     0.09843843   0.00000000     0.00006526  -0.00106403
  0.00008731   0.00212810     0.00006526   0.00106403     0.21620395   0.00000000
    2    3
 -0.01964197  -0.00142843    -0.00735142  -0.00080060    -0.00009734   0.00132618
 -0.00734841  -0.00086844    -0.00860456  -0.00042894    -0.00005757   0.00066267
 -0.00010743   0.00217069    -0.00005625   0.00108517    -0.00233390  -0.00010404
    2    4
 -0.10515065  -0.00622645    -0.00733484  -0.00274579    -0.00042208   0.00633098
 -0.00733174  -0.00281627    -0.09409464  -0.00327888    -0.00024626   0.00316395
 -0.00021926   0.00275952    -0.00013337   0.00137868    -0.12240325  -0.00547063
    3    1
 -0.10515060   0.00622645    -0.00733178   0.00281628     0.00021924   0.00275943
 -0.00733490   0.00274579    -0.09409471   0.00327888     0.00013334   0.00137862
  0.00042206   0.00633108     0.00024625   0.00316396    -0.12240192   0.00547052
    3    2
 -0.01964197   0.00142843    -0.00734841   0.00086844    -0.00010743  -0.00217069
 -0.00735142   0.00080060    -0.00860456   0.00042894    -0.00005625  -0.00108517
 -0.00009734  -0.00132618    -0.00005757  -0.00066267    -0.00233390   0.00010404
    3    3
  0.11176190   0.00000000     0.00753913   0.00001903    -0.00001879   0.00222114
  0.00753913  -0.00001903     0.10045365   0.00000000    -0.00001456   0.00111062
 -0.00001879  -0.00222114    -0.00001456  -0.00111062     0.12529211   0.00000000
    3    4
  0.01369872   0.00000001     0.00739833   0.00001992     0.00000575   0.00154166
  0.00739834  -0.00001988     0.00260146   0.00000002     0.00000486   0.00077085
 -0.00000573   0.00154170    -0.00000483   0.00077086    -0.00015902  -0.00000001
    4    1
 -0.01964195   0.00142846    -0.00734839   0.00086846     0.00010743   0.00217061
 -0.00735137   0.00080064    -0.00860446   0.00042896     0.00005632   0.00108518
  0.00009729   0.00132610     0.00005755   0.00066265    -0.00233366   0.00010407
    4    2
 -0.10515065   0.00622645    -0.00733174   0.00281627    -0.00021926  -0.00275952
 -0.00733484   0.00274579    -0.09409464   0.00327888    -0.00013337  -0.00137868
 -0.00042208  -0.00633098    -0.00024626  -0.00316395    -0.12240325   0.00547063
    4    3
  0.01369872  -0.00000001     0.00739834   0.00001988    -0.00000573  -0.00154170
  0.00739833  -0.00001992     0.00260146  -0.00000002    -0.00000483  -0.00077086
  0.00000575  -0.00154166     0.00000486  -0.00077085    -0.00015902   0.00000001
    4    4
  0.11174496   0.00000000     0.00753894   0.00001912     0.00001879  -0.00222119
  0.00753894  -0.00001912     0.10043681   0.00000000     0.00001472  -0.00111052
  0.00001879   0.00222119     0.00001472   0.00111052     0.12522735   0.00000000

     Effective Charges U-E: Z_{s,alpha}{beta}

     atom #    1
      0.273438439476E-03     -0.115059206983E-01      0.000000000000E+00      0.000000000000E+00      0.000000000000E+00      0.000000000000E+00
      0.205028732681E-03     -0.575297354898E-02      0.000000000000E+00      0.000000000000E+00      0.000000000000E+00      0.000000000000E+00
      0.380762995931E-03      0.350048237995E-06      0.000000000000E+00      0.000000000000E+00      0.000000000000E+00      0.000000000000E+00
     atom #    2
      0.273413254645E-03     -0.115058972143E-01      0.000000000000E+00      0.000000000000E+00      0.000000000000E+00      0.000000000000E+00
      0.205012698804E-03     -0.575295828703E-02      0.000000000000E+00      0.000000000000E+00      0.000000000000E+00      0.000000000000E+00
     -0.380762623030E-03     -0.338696481372E-06      0.000000000000E+00      0.000000000000E+00      0.000000000000E+00      0.000000000000E+00
     atom #    3
      0.605961005983E-04      0.114164496987E-01      0.000000000000E+00      0.000000000000E+00      0.000000000000E+00      0.000000000000E+00
      0.454547167977E-04      0.570821404412E-02      0.000000000000E+00      0.000000000000E+00      0.000000000000E+00      0.000000000000E+00
      0.119710098395E-04      0.172144359363E-05      0.000000000000E+00      0.000000000000E+00      0.000000000000E+00      0.000000000000E+00
     atom #    4
      0.606037855572E-04      0.114163903392E-01      0.000000000000E+00      0.000000000000E+00      0.000000000000E+00      0.000000000000E+00
      0.454780938118E-04      0.570816914272E-02      0.000000000000E+00      0.000000000000E+00      0.000000000000E+00      0.000000000000E+00
     -0.119374622969E-04     -0.170108177894E-05      0.000000000000E+00      0.000000000000E+00      0.000000000000E+00      0.000000000000E+00

     Diagonalizing the dynamical matrix

     q = (    0.020000000   0.010000000   0.000000000 ) 

 **************************************************************************
     freq (    1) =       0.167925 [THz] =       5.601371 [cm-1]
 (  0.001064  0.020488 -0.000256  0.010661  0.497980 -0.022239 ) 
 ( -0.000320 -0.020903 -0.000823 -0.010041  0.498737 -0.022272 ) 
 ( -0.000608  0.040065 -0.001286  0.020436  0.498081  0.000006 ) 
 (  0.001360 -0.040503  0.000197 -0.019850  0.499067  0.000000 ) 
     freq (    2) =       0.195503 [THz] =       6.521289 [cm-1]
 ( -0.192539  0.114412  0.382322 -0.230790  0.000740 -0.000046 ) 
 ( -0.192730  0.114463  0.382686 -0.231042  0.000749 -0.000054 ) 
 ( -0.193386  0.113269  0.386980 -0.223449  0.000733 -0.000034 ) 
 ( -0.193584  0.113265  0.387370 -0.223734  0.000758  0.000000 ) 
     freq (    3) =       0.243273 [THz] =       8.114698 [cm-1]
 (  0.024266  0.446026  0.013707  0.223585  0.001185 -0.000165 ) 
 (  0.024279  0.446458  0.013717  0.223794 -0.001082 -0.000024 ) 
 ( -0.007534  0.446411 -0.005036  0.223835 -0.018229 -0.000184 ) 
 ( -0.007557  0.446861 -0.005047  0.224054  0.018366  0.000000 ) 
     freq (    4) =       1.107012 [THz] =      36.925955 [cm-1]
 ( -0.204771 -0.102930  0.409461  0.204389  0.000094  0.000031 ) 
 (  0.204561  0.102825 -0.409056 -0.204185  0.000095  0.000032 ) 
 ( -0.194365 -0.100307  0.386338  0.203547  0.000054 -0.000002 ) 
 (  0.194175  0.100210 -0.385974 -0.203355  0.000055  0.000000 ) 
     freq (    5) =       1.119668 [THz] =      37.348089 [cm-1]
 (  0.020596  0.456978  0.010962  0.228818 -0.023053  0.001430 ) 
 ( -0.020574 -0.456520 -0.010949 -0.228593 -0.023098  0.001433 ) 
 ( -0.009754  0.434455 -0.006729  0.217556 -0.044766 -0.000001 ) 
 (  0.009744 -0.434025  0.006723 -0.217346 -0.044816  0.000000 ) 
     freq (    6) =       2.996449 [THz] =      99.950765 [cm-1]
 (  0.000183  0.002855  0.000100  0.001427 -0.338795  0.015152 ) 
 (  0.000181  0.002833  0.000100  0.001415  0.338024 -0.015117 ) 
 (  0.000238 -0.023471  0.000183 -0.011735 -0.620550  0.000001 ) 
 (  0.000238 -0.023435  0.000183 -0.011718  0.619695  0.000000 ) 
     freq (    7) =       4.806595 [THz] =     160.330752 [cm-1]
 ( -0.027697 -0.341728 -0.016655 -0.170585 -0.059701  0.003250 ) 
 (  0.027701  0.341803  0.016663  0.170624 -0.059754  0.003253 ) 
 (  0.007039  0.526042  0.004836  0.262796  0.059735  0.000000 ) 
 ( -0.007036 -0.526102 -0.004841 -0.262829  0.059808  0.000000 ) 
     freq (    8) =       4.810858 [THz] =     160.472958 [cm-1]
 (  0.151041  0.085050 -0.304881 -0.165138  0.000054  0.000049 ) 
 ( -0.151280 -0.085184  0.305362  0.165401  0.000053  0.000049 ) 
 ( -0.228689 -0.131972  0.459048  0.261837  0.000040 -0.000001 ) 
 (  0.229013  0.132156 -0.459696 -0.262207  0.000041  0.000000 ) 
     freq (    9) =       4.923940 [THz] =     164.244953 [cm-1]
 ( -0.179416  0.002355  0.358657 -0.008587  0.000057 -0.000003 ) 
 ( -0.179171  0.002348  0.358162 -0.008575 -0.000058  0.000002 ) 
 (  0.260703 -0.001680 -0.521408  0.002384 -0.000086  0.000001 ) 
 (  0.260304 -0.001674 -0.520602  0.002382  0.000087  0.000000 ) 
     freq (   10) =       5.646060 [THz] =     188.332291 [cm-1]
 (  0.003807  0.051581  0.002276  0.025774 -0.395962  0.017653 ) 
 ( -0.003808 -0.051676 -0.002278 -0.025821 -0.396803  0.017691 ) 
 ( -0.000610 -0.055994 -0.000455 -0.027998  0.578669 -0.000000 ) 
 (  0.000602  0.056094  0.000453  0.028047  0.579417  0.000000 ) 
     freq (   11) =       5.806343 [THz] =     193.678760 [cm-1]
 (  0.014086  0.358135  0.009037  0.179034 -0.000913  0.000787 ) 
 (  0.014083  0.358084  0.009035  0.179009  0.000821 -0.000779 ) 
 (  0.016562 -0.520271  0.008815 -0.260122  0.028383 -0.000006 ) 
 (  0.016560 -0.520162  0.008815 -0.260066 -0.028238  0.000000 ) 
     freq (   12) =       6.453942 [THz] =     215.280333 [cm-1]
 ( -0.000401  0.001709 -0.000240  0.000858  0.553750 -0.024710 ) 
 ( -0.000397  0.001752 -0.000238  0.000880 -0.552905  0.024672 ) 
 (  0.000980 -0.018465  0.000619 -0.009232 -0.439515 -0.000000 ) 
 (  0.000979 -0.018500  0.000620 -0.009250  0.438634  0.000000 ) 
 **************************************************************************
