Dynamical matrix file
default                                                                    
  2    4   4   7.7271278   0.0000000   5.9661236   0.0000000   0.0000000   0.0000000
           1  'In  '    104650.205105250     
           2  'Se  '    71967.6374358595     
    1    1     -0.0000000050      0.5773502721      1.0573362323
    2    1     -0.0000000050      0.5773502721      1.7491692554
    3    2      0.5000000050      0.2886751317      0.7452704650
    4    2      0.5000000050      0.2886751317      2.0612350764

     Dynamical  Matrix in cartesian axes

     q = (    0.000000000   0.010000000   0.020000000 ) 

    1    1
  0.09465704   0.00000000     0.00000013   0.00000002     0.00000010   0.00000007
  0.00000013  -0.00000002     0.10195485   0.00000000     0.00127885  -0.00119896
  0.00000010  -0.00000007     0.00127885   0.00119896     0.21699957   0.00000000
    1    2
  0.00117877   0.00000000    -0.00000000   0.00000000     0.00000009  -0.00000006
 -0.00000001  -0.00000002     0.00835533  -0.00012640     0.00126871  -0.00113432
 -0.00000000   0.00000000     0.00124221  -0.00116447    -0.09047196  -0.00002821
    1    3
 -0.09050773  -0.00055260    -0.00000001  -0.00000000    -0.00000005   0.00000002
  0.00000000  -0.00000004    -0.09770141  -0.00293015    -0.00134746   0.00312531
  0.00000000  -0.00000000    -0.00130226   0.00121538    -0.12313369  -0.00221593
    1    4
 -0.00492769   0.00002846     0.00000000  -0.00000000     0.00000004  -0.00000002
  0.00000003   0.00000004    -0.01212161  -0.00035286    -0.00127808   0.00067741
 -0.00000002  -0.00000000    -0.00127525   0.00094570    -0.00276653  -0.00003929
    2    1
  0.00117877  -0.00000000    -0.00000001   0.00000002    -0.00000000  -0.00000000
 -0.00000000  -0.00000000     0.00835533   0.00012640     0.00124221   0.00116447
  0.00000009   0.00000006     0.00126871   0.00113432    -0.09047196   0.00002821
    2    2
  0.09465437   0.00000000     0.00000010   0.00000005    -0.00000032   0.00000003
  0.00000010  -0.00000005     0.10195166   0.00000000     0.00123188   0.00122902
 -0.00000032  -0.00000003     0.00123188  -0.00122902     0.21677462   0.00000000
    2    3
 -0.00492778   0.00002845     0.00000001  -0.00000002     0.00000001  -0.00000000
  0.00000001  -0.00000004    -0.01211623  -0.00053263    -0.00123264  -0.00075303
 -0.00000001   0.00000000    -0.00123583  -0.00099777    -0.00276621  -0.00006099
    2    4
 -0.09050743  -0.00055260     0.00000000  -0.00000001     0.00000001  -0.00000000
  0.00000002   0.00000004    -0.09769826  -0.00300301    -0.00116259  -0.00320092
  0.00000006  -0.00000003    -0.00121003  -0.00126748    -0.12313431  -0.00225067
    3    1
 -0.09050773   0.00055260     0.00000000   0.00000004     0.00000000   0.00000000
 -0.00000001   0.00000000    -0.09770141   0.00293015    -0.00130226  -0.00121538
 -0.00000005  -0.00000002    -0.00134746  -0.00312531    -0.12313369   0.00221593
    3    2
 -0.00492778  -0.00002845     0.00000001   0.00000004    -0.00000001  -0.00000000
  0.00000001   0.00000002    -0.01211623   0.00053263    -0.00123583   0.00099777
  0.00000001   0.00000000    -0.00123264   0.00075303    -0.00276621   0.00006099
    3    3
  0.09660822   0.00000000     0.00000007   0.00000000    -0.00000006   0.00000002
  0.00000007  -0.00000000     0.10389493   0.00000000     0.00126081  -0.00109816
 -0.00000006  -0.00000002     0.00126081   0.00109816     0.12575872   0.00000000
    3    4
 -0.00109481  -0.00000000    -0.00000001  -0.00000004    -0.00000001  -0.00000001
 -0.00000004  -0.00000005     0.00612031  -0.00005345     0.00125386  -0.00081589
 -0.00000003  -0.00000000     0.00125753  -0.00080938     0.00021372   0.00000649
    4    1
 -0.00492769  -0.00002846     0.00000003  -0.00000004    -0.00000002   0.00000000
  0.00000000   0.00000000    -0.01212161   0.00035286    -0.00127525  -0.00094570
  0.00000004   0.00000002    -0.00127808  -0.00067741    -0.00276653   0.00003929
    4    2
 -0.09050743   0.00055260     0.00000002  -0.00000004     0.00000006   0.00000003
  0.00000000   0.00000001    -0.09769826   0.00300301    -0.00121003   0.00126748
  0.00000001   0.00000000    -0.00116259   0.00320092    -0.12313431   0.00225067
    4    3
 -0.00109481   0.00000000    -0.00000004   0.00000005    -0.00000003   0.00000000
 -0.00000001   0.00000004     0.00612031   0.00005345     0.00125753   0.00080938
 -0.00000001   0.00000001     0.00125386   0.00081589     0.00021372  -0.00000649
    4    4
  0.09659152   0.00000000    -0.00000017   0.00000007    -0.00000003   0.00000009
 -0.00000017  -0.00000007     0.10387720   0.00000000     0.00125026   0.00109167
 -0.00000003  -0.00000009     0.00125026  -0.00109167     0.12569377   0.00000000

     Dynamical  Matrix in cartesian axes

     q = (    0.000000000  -0.010000000  -0.020000000 ) 

    1    1
  0.09465704   0.00000000     0.00000013  -0.00000002     0.00000010  -0.00000007
  0.00000013   0.00000002     0.10195485   0.00000000     0.00127885   0.00119896
  0.00000010   0.00000007     0.00127885  -0.00119896     0.21699957   0.00000000
    1    2
  0.00117877  -0.00000000    -0.00000000  -0.00000000     0.00000009   0.00000006
 -0.00000001   0.00000002     0.00835533   0.00012640     0.00126871   0.00113432
 -0.00000000  -0.00000000     0.00124221   0.00116447    -0.09047196   0.00002821
    1    3
 -0.09050773   0.00055260    -0.00000001   0.00000000    -0.00000005  -0.00000002
  0.00000000   0.00000004    -0.09770141   0.00293015    -0.00134746  -0.00312531
  0.00000000   0.00000000    -0.00130226  -0.00121538    -0.12313369   0.00221593
    1    4
 -0.00492769  -0.00002846     0.00000000   0.00000000     0.00000004   0.00000002
  0.00000003  -0.00000004    -0.01212161   0.00035286    -0.00127808  -0.00067741
 -0.00000002   0.00000000    -0.00127525  -0.00094570    -0.00276653   0.00003929
    2    1
  0.00117877   0.00000000    -0.00000001  -0.00000002    -0.00000000   0.00000000
 -0.00000000   0.00000000     0.00835533  -0.00012640     0.00124221  -0.00116447
  0.00000009  -0.00000006     0.00126871  -0.00113432    -0.09047196  -0.00002821
    2    2
  0.09465437   0.00000000     0.00000010  -0.00000005    -0.00000032  -0.00000003
  0.00000010   0.00000005     0.10195166   0.00000000     0.00123188  -0.00122902
 -0.00000032   0.00000003     0.00123188   0.00122902     0.21677462   0.00000000
    2    3
 -0.00492778  -0.00002845     0.00000001   0.00000002     0.00000001   0.00000000
  0.00000001   0.00000004    -0.01211623   0.00053263    -0.00123264   0.00075303
 -0.00000001  -0.00000000    -0.00123583   0.00099777    -0.00276621   0.00006099
    2    4
 -0.09050743   0.00055260     0.00000000   0.00000001     0.00000001   0.00000000
  0.00000002  -0.00000004    -0.09769826   0.00300301    -0.00116259   0.00320092
  0.00000006   0.00000003    -0.00121003   0.00126748    -0.12313431   0.00225067
    3    1
 -0.09050773  -0.00055260     0.00000000  -0.00000004     0.00000000  -0.00000000
 -0.00000001  -0.00000000    -0.09770141  -0.00293015    -0.00130226   0.00121538
 -0.00000005   0.00000002    -0.00134746   0.00312531    -0.12313369  -0.00221593
    3    2
 -0.00492778   0.00002845     0.00000001  -0.00000004    -0.00000001   0.00000000
  0.00000001  -0.00000002    -0.01211623  -0.00053263    -0.00123583  -0.00099777
  0.00000001  -0.00000000    -0.00123264  -0.00075303    -0.00276621  -0.00006099
    3    3
  0.09660822   0.00000000     0.00000007  -0.00000000    -0.00000006  -0.00000002
  0.00000007   0.00000000     0.10389493   0.00000000     0.00126081   0.00109816
 -0.00000006   0.00000002     0.00126081  -0.00109816     0.12575872   0.00000000
    3    4
 -0.00109481   0.00000000    -0.00000001   0.00000004    -0.00000001   0.00000001
 -0.00000004   0.00000005     0.00612031   0.00005345     0.00125386   0.00081589
 -0.00000003   0.00000000     0.00125753   0.00080938     0.00021372  -0.00000649
    4    1
 -0.00492769   0.00002846     0.00000003   0.00000004    -0.00000002  -0.00000000
  0.00000000  -0.00000000    -0.01212161  -0.00035286    -0.00127525   0.00094570
  0.00000004  -0.00000002    -0.00127808   0.00067741    -0.00276653  -0.00003929
    4    2
 -0.09050743  -0.00055260     0.00000002   0.00000004     0.00000006  -0.00000003
  0.00000000  -0.00000001    -0.09769826  -0.00300301    -0.00121003  -0.00126748
  0.00000001  -0.00000000    -0.00116259  -0.00320092    -0.12313431  -0.00225067
    4    3
 -0.00109481  -0.00000000    -0.00000004  -0.00000005    -0.00000003  -0.00000000
 -0.00000001  -0.00000004     0.00612031  -0.00005345     0.00125753  -0.00080938
 -0.00000001  -0.00000001     0.00125386  -0.00081589     0.00021372   0.00000649
    4    4
  0.09659152   0.00000000    -0.00000017  -0.00000007    -0.00000003  -0.00000009
 -0.00000017   0.00000007     0.10387720   0.00000000     0.00125026  -0.00109167
 -0.00000003   0.00000009     0.00125026   0.00109167     0.12569377   0.00000000

     Effective Charges U-E: Z_{s,alpha}{beta}

     atom #    1
     -0.266222409505E-08      0.319437857818E-08      0.000000000000E+00      0.000000000000E+00      0.000000000000E+00      0.000000000000E+00
     -0.495671006821E-03     -0.109218549738E-01      0.000000000000E+00      0.000000000000E+00      0.000000000000E+00      0.000000000000E+00
      0.891995251074E-04     -0.221539048651E-02      0.000000000000E+00      0.000000000000E+00      0.000000000000E+00      0.000000000000E+00
     atom #    2
     -0.331542282914E-07      0.209647587032E-07      0.000000000000E+00      0.000000000000E+00      0.000000000000E+00      0.000000000000E+00
      0.235264263815E-03     -0.109302404431E-01      0.000000000000E+00      0.000000000000E+00      0.000000000000E+00      0.000000000000E+00
     -0.890341064629E-04     -0.221530391140E-02      0.000000000000E+00      0.000000000000E+00      0.000000000000E+00      0.000000000000E+00
     atom #    3
     -0.613399792458E-07     -0.119767777565E-07      0.000000000000E+00      0.000000000000E+00      0.000000000000E+00      0.000000000000E+00
      0.826646190615E-03      0.108680282781E-01      0.000000000000E+00      0.000000000000E+00      0.000000000000E+00      0.000000000000E+00
      0.143206221684E-03      0.212886988693E-02      0.000000000000E+00      0.000000000000E+00      0.000000000000E+00      0.000000000000E+00
     atom #    4
      0.720545753163E-07     -0.488301775906E-07      0.000000000000E+00      0.000000000000E+00      0.000000000000E+00      0.000000000000E+00
     -0.883746595425E-03      0.108623798808E-01      0.000000000000E+00      0.000000000000E+00      0.000000000000E+00      0.000000000000E+00
     -0.143302607156E-03      0.212932824511E-02      0.000000000000E+00      0.000000000000E+00      0.000000000000E+00      0.000000000000E+00

     Diagonalizing the dynamical matrix

     q = (    0.000000000   0.010000000   0.020000000 ) 

 **************************************************************************
     freq (    1) =       0.167060 [THz] =       5.572535 [cm-1]
 (  0.005155 -0.004069  0.009399  0.011022  0.498812  0.009191 ) 
 (  0.005172 -0.004076  0.009680 -0.010452  0.499567  0.009225 ) 
 (  0.005140 -0.004102  0.009778  0.020553  0.499422  0.000311 ) 
 (  0.005155 -0.004110  0.009292 -0.020597  0.500413  0.000000 ) 
     freq (    2) =       0.168962 [THz] =       5.635974 [cm-1]
 ( -0.391616  0.309908  0.000309 -0.000556  0.006562  0.000123 ) 
 ( -0.391980  0.310195  0.000309 -0.000836  0.006574  0.000124 ) 
 ( -0.390395  0.312443  0.000293 -0.000437  0.006582  0.000010 ) 
 ( -0.390778  0.312750  0.000282 -0.000975  0.006573  0.000000 ) 
     freq (    3) =       0.180884 [THz] =       6.033626 [cm-1]
 ( -0.000721  0.000023 -0.388431  0.313961  0.007671 -0.005656 ) 
 ( -0.000725  0.000027 -0.389066  0.313944  0.007033 -0.006476 ) 
 ( -0.000721  0.000027 -0.378647  0.326236  0.001989 -0.012390 ) 
 ( -0.000726  0.000031 -0.379549  0.325971  0.012553  0.000000 ) 
     freq (    4) =       1.102249 [THz] =      36.767069 [cm-1]
 ( -0.219772  0.462017 -0.000102 -0.000563  0.000007  0.000002 ) 
 (  0.219560 -0.461570  0.000098  0.000568  0.000009  0.000002 ) 
 ( -0.206874  0.442623 -0.000113 -0.000534  0.000017  0.000001 ) 
 (  0.206684 -0.442217  0.000110  0.000538  0.000020  0.000000 ) 
     freq (    5) =       1.104822 [THz] =      36.852886 [cm-1]
 ( -0.000342  0.000465 -0.009170  0.511496 -0.010741 -0.000269 ) 
 (  0.000341 -0.000458  0.009274 -0.510987 -0.010763 -0.000280 ) 
 ( -0.000323  0.000446  0.005511  0.488068 -0.020419  0.000013 ) 
 (  0.000323 -0.000440 -0.005664 -0.487599 -0.020444  0.000000 ) 
     freq (    6) =       2.997360 [THz] =      99.981184 [cm-1]
 (  0.000001 -0.000001 -0.000063  0.002433 -0.339231 -0.006177 ) 
 ( -0.000000  0.000001 -0.000066  0.002421  0.338463  0.005934 ) 
 (  0.000001 -0.000001 -0.000055 -0.013126 -0.620884  0.000333 ) 
 ( -0.000001  0.000000 -0.000075 -0.013110  0.620031  0.000000 ) 
     freq (    7) =       4.810030 [THz] =     160.445335 [cm-1]
 ( -0.000146  0.000146  0.014538 -0.386889 -0.026860 -0.000588 ) 
 (  0.000146 -0.000139 -0.012193  0.387118 -0.026886 -0.000551 ) 
 (  0.000221 -0.000223 -0.004677  0.590332  0.026814 -0.000068 ) 
 ( -0.000220  0.000214  0.001262 -0.590505  0.026843  0.000000 ) 
     freq (    8) =       4.810889 [THz] =     160.473970 [cm-1]
 (  0.297840 -0.248430  0.000022 -0.000202 -0.000014 -0.000001 ) 
 ( -0.298320  0.248832 -0.000024  0.000202 -0.000015 -0.000002 ) 
 ( -0.450972  0.381381 -0.000024  0.000309  0.000014  0.000001 ) 
 (  0.451623 -0.381931  0.000027 -0.000309  0.000015  0.000000 ) 
     freq (    9) =       4.923980 [THz] =     164.246301 [cm-1]
 (  0.379967  0.129112  0.000003  0.000002  0.000000 -0.000000 ) 
 (  0.379432  0.128929 -0.000003  0.000000  0.000001  0.000000 ) 
 ( -0.552884 -0.184487 -0.000005 -0.000002  0.000000 -0.000000 ) 
 ( -0.552014 -0.184197  0.000005 -0.000000 -0.000001  0.000000 ) 
     freq (   10) =       5.274896 [THz] =     175.951580 [cm-1]
 (  0.000001 -0.000000  0.394813 -0.035417 -0.060261  0.003096 ) 
 ( -0.000001  0.000002  0.393723 -0.045324 -0.059344  0.010459 ) 
 ( -0.000001  0.000001 -0.571485  0.070424  0.085288 -0.022861 ) 
 (  0.000002 -0.000003 -0.569752  0.082341  0.088172  0.000000 ) 
     freq (   11) =       5.666461 [THz] =     189.012800 [cm-1]
 ( -0.000000 -0.000000 -0.061243  0.023586 -0.395188 -0.008235 ) 
 (  0.000001 -0.000000 -0.059409 -0.027490 -0.396078 -0.008589 ) 
 (  0.000000  0.000000  0.087930 -0.027439  0.574622  0.003604 ) 
 ( -0.000002  0.000001  0.087438  0.027611  0.575430  0.000000 ) 
     freq (   12) =       6.455731 [THz] =     215.339992 [cm-1]
 (  0.000000  0.000000  0.000146 -0.001758  0.554069  0.010715 ) 
 (  0.000001 -0.000000  0.000125 -0.001735 -0.553207 -0.010227 ) 
 (  0.000000 -0.000000 -0.000176 -0.005442 -0.440166 -0.000686 ) 
 ( -0.000001  0.000000 -0.000155 -0.005461  0.439248  0.000000 ) 
 **************************************************************************
