Dynamical matrix file
default                                                                    
  2    4   4   7.7271278   0.0000000   5.9661236   0.0000000   0.0000000   0.0000000
           1  'In  '    104650.205105250     
           2  'Se  '    71967.6374358595     
    1    1     -0.0000000050      0.5773502721      1.0573362323
    2    1     -0.0000000050      0.5773502721      1.7491692554
    3    2      0.5000000050      0.2886751317      0.7452704650
    4    2      0.5000000050      0.2886751317      2.0612350764

     Dynamical  Matrix in cartesian axes

     q = (    0.010000000   0.000000000   0.020000000 ) 

    1    1
  0.10195326   0.00000000    -0.00000015   0.00008689     0.00125604  -0.00121396
 -0.00000015  -0.00008689     0.09465659   0.00000000    -0.00002363  -0.00001499
  0.00125604   0.00121396    -0.00002363   0.00001499     0.21699911   0.00000000
    1    2
  0.00835450  -0.00012637     0.00000159   0.00008562     0.00125546  -0.00114948
 -0.00000160  -0.00008562     0.00117930  -0.00000002    -0.00001325  -0.00001502
  0.00125543  -0.00114942     0.00001325   0.00001500    -0.09047205  -0.00002821
    1    3
 -0.09768832   0.00310649     0.00003514   0.00110696    -0.00115558   0.00320215
  0.00003744   0.00117501    -0.09045774   0.00284275     0.00003568   0.00001389
 -0.00121678   0.00128086     0.00002367   0.00000256    -0.12309224   0.00388573
    1    4
 -0.01211642   0.00047080     0.00000421   0.00013689    -0.00123269   0.00075456
  0.00000756   0.00020357    -0.00492356   0.00015473     0.00001005   0.00001468
 -0.00122462   0.00101088     0.00000218   0.00000325    -0.00276505   0.00009775
    2    1
  0.00835450   0.00012637    -0.00000160   0.00008562     0.00125543   0.00114942
  0.00000159  -0.00008562     0.00117930   0.00000002     0.00001325  -0.00001500
  0.00125546   0.00114948    -0.00001325   0.00001502    -0.09047205   0.00002821
    2    2
  0.10195134   0.00000000     0.00000009   0.00008690     0.00125605   0.00121395
  0.00000009  -0.00008690     0.09465391   0.00000000     0.00002371  -0.00001497
  0.00125605  -0.00121395     0.00002371   0.00001497     0.21677394   0.00000000
    2    3
 -0.01212210   0.00029105     0.00000435   0.00013690    -0.00127777  -0.00067574
  0.00000525   0.00020365    -0.00492356   0.00015473    -0.00000910   0.00001529
 -0.00128573  -0.00093203    -0.00000198   0.00000335    -0.00276599   0.00007604
    2    4
 -0.09769066   0.00303366     0.00003436   0.00110696    -0.00135423  -0.00312330
  0.00003641   0.00117504    -0.09045778   0.00284276    -0.00003473   0.00001609
 -0.00129479  -0.00120198    -0.00002345   0.00000403    -0.12309460   0.00385104
    3    1
 -0.09768832  -0.00310649     0.00003744  -0.00117501    -0.00121678  -0.00128086
  0.00003514  -0.00110696    -0.09045774  -0.00284275     0.00002367  -0.00000256
 -0.00115558  -0.00320215     0.00003568  -0.00001389    -0.12309224  -0.00388573
    3    2
 -0.01212210  -0.00029105     0.00000525  -0.00020365    -0.00128573   0.00093203
  0.00000435  -0.00013690    -0.00492356  -0.00015473    -0.00000198  -0.00000335
 -0.00127777   0.00067574    -0.00000910  -0.00001529    -0.00276599  -0.00007604
    3    3
  0.10389431   0.00000000    -0.00000011  -0.00001864     0.00125573  -0.00109468
 -0.00000011   0.00001864     0.09660852   0.00000000    -0.00000541   0.00000333
  0.00125573   0.00109468    -0.00000541  -0.00000333     0.12575858   0.00000000
    3    4
  0.00612032  -0.00005348     0.00000018  -0.00001911     0.00125565  -0.00081262
 -0.00000014   0.00001913    -0.00109479  -0.00000000     0.00000200   0.00000330
  0.00125576  -0.00081269    -0.00000200  -0.00000330     0.00021371   0.00000649
    4    1
 -0.01211642  -0.00047080     0.00000756  -0.00020357    -0.00122462  -0.00101088
  0.00000421  -0.00013689    -0.00492356  -0.00015473     0.00000218  -0.00000325
 -0.00123269  -0.00075456     0.00001005  -0.00001468    -0.00276505  -0.00009775
    4    2
 -0.09769066  -0.00303366     0.00003641  -0.00117504    -0.00129479   0.00120198
  0.00003436  -0.00110696    -0.09045778  -0.00284276    -0.00002345  -0.00000403
 -0.00135423   0.00312330    -0.00003473  -0.00001609    -0.12309460  -0.00385104
    4    3
  0.00612032   0.00005348    -0.00000014  -0.00001913     0.00125576   0.00081269
  0.00000018   0.00001911    -0.00109479   0.00000000    -0.00000200   0.00000330
  0.00125565   0.00081262     0.00000200  -0.00000330     0.00021371  -0.00000649
    4    4
  0.10387774   0.00000000     0.00000043  -0.00001861     0.00125539   0.00109492
  0.00000043   0.00001861     0.09659158   0.00000000     0.00000542   0.00000333
  0.00125539  -0.00109492     0.00000542  -0.00000333     0.12569367   0.00000000

     Dynamical  Matrix in cartesian axes

     q = (   -0.010000000   0.000000000  -0.020000000 ) 

    1    1
  0.10195326   0.00000000    -0.00000015  -0.00008689     0.00125604   0.00121396
 -0.00000015   0.00008689     0.09465659   0.00000000    -0.00002363   0.00001499
  0.00125604  -0.00121396    -0.00002363  -0.00001499     0.21699911   0.00000000
    1    2
  0.00835450   0.00012637     0.00000159  -0.00008562     0.00125546   0.00114948
 -0.00000160   0.00008562     0.00117930   0.00000002    -0.00001325   0.00001502
  0.00125543   0.00114942     0.00001325  -0.00001500    -0.09047205   0.00002821
    1    3
 -0.09768832  -0.00310649     0.00003514  -0.00110696    -0.00115558  -0.00320215
  0.00003744  -0.00117501    -0.09045774  -0.00284275     0.00003568  -0.00001389
 -0.00121678  -0.00128086     0.00002367  -0.00000256    -0.12309224  -0.00388573
    1    4
 -0.01211642  -0.00047080     0.00000421  -0.00013689    -0.00123269  -0.00075456
  0.00000756  -0.00020357    -0.00492356  -0.00015473     0.00001005  -0.00001468
 -0.00122462  -0.00101088     0.00000218  -0.00000325    -0.00276505  -0.00009775
    2    1
  0.00835450  -0.00012637    -0.00000160  -0.00008562     0.00125543  -0.00114942
  0.00000159   0.00008562     0.00117930  -0.00000002     0.00001325   0.00001500
  0.00125546  -0.00114948    -0.00001325  -0.00001502    -0.09047205  -0.00002821
    2    2
  0.10195134   0.00000000     0.00000009  -0.00008690     0.00125605  -0.00121395
  0.00000009   0.00008690     0.09465391   0.00000000     0.00002371   0.00001497
  0.00125605   0.00121395     0.00002371  -0.00001497     0.21677394   0.00000000
    2    3
 -0.01212210  -0.00029105     0.00000435  -0.00013690    -0.00127777   0.00067574
  0.00000525  -0.00020365    -0.00492356  -0.00015473    -0.00000910  -0.00001529
 -0.00128573   0.00093203    -0.00000198  -0.00000335    -0.00276599  -0.00007604
    2    4
 -0.09769066  -0.00303366     0.00003436  -0.00110696    -0.00135423   0.00312330
  0.00003641  -0.00117504    -0.09045778  -0.00284276    -0.00003473  -0.00001609
 -0.00129479   0.00120198    -0.00002345  -0.00000403    -0.12309460  -0.00385104
    3    1
 -0.09768832   0.00310649     0.00003744   0.00117501    -0.00121678   0.00128086
  0.00003514   0.00110696    -0.09045774   0.00284275     0.00002367   0.00000256
 -0.00115558   0.00320215     0.00003568   0.00001389    -0.12309224   0.00388573
    3    2
 -0.01212210   0.00029105     0.00000525   0.00020365    -0.00128573  -0.00093203
  0.00000435   0.00013690    -0.00492356   0.00015473    -0.00000198   0.00000335
 -0.00127777  -0.00067574    -0.00000910   0.00001529    -0.00276599   0.00007604
    3    3
  0.10389431   0.00000000    -0.00000011   0.00001864     0.00125573   0.00109468
 -0.00000011  -0.00001864     0.09660852   0.00000000    -0.00000541  -0.00000333
  0.00125573  -0.00109468    -0.00000541   0.00000333     0.12575858   0.00000000
    3    4
  0.00612032   0.00005348     0.00000018   0.00001911     0.00125565   0.00081262
 -0.00000014  -0.00001913    -0.00109479   0.00000000     0.00000200  -0.00000330
  0.00125576   0.00081269    -0.00000200   0.00000330     0.00021371  -0.00000649
    4    1
 -0.01211642   0.00047080     0.00000756   0.00020357    -0.00122462   0.00101088
  0.00000421   0.00013689    -0.00492356   0.00015473     0.00000218   0.00000325
 -0.00123269   0.00075456     0.00001005   0.00001468    -0.00276505   0.00009775
    4    2
 -0.09769066   0.00303366     0.00003641   0.00117504    -0.00129479  -0.00120198
  0.00003436   0.00110696    -0.09045778   0.00284276    -0.00002345   0.00000403
 -0.00135423  -0.00312330    -0.00003473   0.00001609    -0.12309460   0.00385104
    4    3
  0.00612032  -0.00005348    -0.00000014   0.00001913     0.00125576  -0.00081269
  0.00000018  -0.00001911    -0.00109479  -0.00000000    -0.00000200  -0.00000330
  0.00125565  -0.00081262     0.00000200   0.00000330     0.00021371   0.00000649
    4    4
  0.10387774   0.00000000     0.00000043   0.00001861     0.00125539  -0.00109492
  0.00000043  -0.00001861     0.09659158   0.00000000     0.00000542  -0.00000333
  0.00125539   0.00109492     0.00000542   0.00000333     0.12569367   0.00000000

     Effective Charges U-E: Z_{s,alpha}{beta}

     atom #    1
     -0.365429414209E-03     -0.109260156132E-01      0.000000000000E+00      0.000000000000E+00      0.000000000000E+00      0.000000000000E+00
      0.130171279145E-03     -0.420486822402E-05      0.000000000000E+00      0.000000000000E+00      0.000000000000E+00      0.000000000000E+00
      0.890990240676E-04     -0.221528031727E-02      0.000000000000E+00      0.000000000000E+00      0.000000000000E+00      0.000000000000E+00
     atom #    2
      0.365529442630E-03     -0.109260551086E-01      0.000000000000E+00      0.000000000000E+00      0.000000000000E+00      0.000000000000E+00
      0.130178135016E-03      0.423428682452E-05      0.000000000000E+00      0.000000000000E+00      0.000000000000E+00      0.000000000000E+00
     -0.891372868625E-04     -0.221532870756E-02      0.000000000000E+00      0.000000000000E+00      0.000000000000E+00      0.000000000000E+00
     atom #    3
      0.855234585393E-03      0.108652373122E-01      0.000000000000E+00      0.000000000000E+00      0.000000000000E+00      0.000000000000E+00
      0.285761857000E-04     -0.274242831516E-05      0.000000000000E+00      0.000000000000E+00      0.000000000000E+00      0.000000000000E+00
      0.143246028322E-03      0.212923318986E-02      0.000000000000E+00      0.000000000000E+00      0.000000000000E+00      0.000000000000E+00
     atom #    4
     -0.855128823044E-03      0.108652324229E-01      0.000000000000E+00      0.000000000000E+00      0.000000000000E+00      0.000000000000E+00
      0.285442303979E-04      0.280511066934E-05      0.000000000000E+00      0.000000000000E+00      0.000000000000E+00      0.000000000000E+00
     -0.143238842240E-03      0.212901526644E-02      0.000000000000E+00      0.000000000000E+00      0.000000000000E+00      0.000000000000E+00

     Diagonalizing the dynamical matrix

     q = (    0.010000000   0.000000000   0.020000000 ) 

 **************************************************************************
     freq (    1) =       0.166921 [THz] =       5.567897 [cm-1]
 ( -0.005417 -0.010240  0.002733  0.002277 -0.498748  0.015596 ) 
 ( -0.004755  0.011224  0.002620  0.002283 -0.499506  0.015609 ) 
 ( -0.005110 -0.020198  0.002851  0.002300 -0.499524 -0.000167 ) 
 ( -0.005127  0.020953  0.002353  0.002303 -0.500502  0.000000 ) 
     freq (    2) =       0.168726 [THz] =       5.628085 [cm-1]
 (  0.001893 -0.003218  0.384416  0.318806  0.003487 -0.000133 ) 
 (  0.001891 -0.003370  0.384792  0.319117  0.003502 -0.000126 ) 
 ( -0.002274  0.001739  0.374685  0.331132  0.003494 -0.000014 ) 
 ( -0.002276  0.001453  0.375075  0.331473  0.003486  0.000000 ) 
     freq (    3) =       0.180936 [THz] =       6.035359 [cm-1]
 (  0.243822 -0.435974 -0.002872 -0.002378 -0.003257  0.004019 ) 
 (  0.244231 -0.436251 -0.002875 -0.002378 -0.002356  0.004531 ) 
 (  0.257507 -0.428460  0.002622  0.000790  0.004029  0.008388 ) 
 (  0.258104 -0.428634  0.002622  0.000795 -0.009933  0.000000 ) 
     freq (    4) =       1.102218 [THz] =      36.766025 [cm-1]
 ( -0.000010 -0.002051  0.500275  0.107213  0.000118  0.000016 ) 
 (  0.000011  0.002048 -0.499767 -0.107104  0.000118  0.000016 ) 
 ( -0.001281  0.003424  0.474281  0.117333  0.000073  0.000001 ) 
 (  0.001278 -0.003421 -0.473822 -0.117219  0.000074  0.000000 ) 
     freq (    5) =       1.104824 [THz] =      36.852973 [cm-1]
 (  0.016180  0.511309  0.002019  0.000377 -0.010736  0.000344 ) 
 ( -0.016053 -0.510825 -0.002017 -0.000376 -0.010757  0.000338 ) 
 ( -0.000031  0.488076 -0.003627  0.000421 -0.020416  0.000009 ) 
 ( -0.000128 -0.487629  0.003623 -0.000420 -0.020439  0.000000 ) 
     freq (    6) =       2.997358 [THz] =      99.981116 [cm-1]
 (  0.000076  0.002431  0.000018 -0.000001 -0.339121  0.010634 ) 
 (  0.000075  0.002421  0.000019 -0.000000  0.338342 -0.010838 ) 
 (  0.000006 -0.013127  0.000066 -0.000000 -0.620884  0.000333 ) 
 ( -0.000010 -0.013110  0.000066  0.000000  0.620031  0.000000 ) 
     freq (    7) =       4.810028 [THz] =     160.445248 [cm-1]
 ( -0.011579 -0.386936 -0.006079  0.000809 -0.026852  0.000863 ) 
 (  0.013935  0.387015  0.006084 -0.000833 -0.026876  0.000901 ) 
 ( -0.000789  0.590337  0.002602 -0.000951  0.026814 -0.000072 ) 
 ( -0.002627 -0.590501 -0.002606  0.000944  0.026843  0.000000 ) 
     freq (    8) =       4.810887 [THz] =     160.473929 [cm-1]
 ( -0.003979  0.004680 -0.319225 -0.220194  0.000026  0.000070 ) 
 (  0.003986 -0.004690  0.319735  0.220545  0.000026  0.000070 ) 
 (  0.002305 -0.001538  0.475395  0.350466  0.000072 -0.000000 ) 
 ( -0.002308  0.001543 -0.476072 -0.350965  0.000073  0.000000 ) 
     freq (    9) =       4.923969 [THz] =     164.245936 [cm-1]
 ( -0.000117 -0.004338  0.401131 -0.010695  0.000065 -0.000001 ) 
 ( -0.000119 -0.004332  0.400573 -0.010680 -0.000064  0.000002 ) 
 (  0.000006 -0.001070 -0.582841 -0.002775 -0.000098 -0.000001 ) 
 (  0.000009 -0.001069 -0.581934 -0.002771  0.000098  0.000000 ) 
     freq (   10) =       5.274896 [THz] =     175.951597 [cm-1]
 (  0.391951 -0.059162 -0.000628 -0.004298 -0.059956  0.006055 ) 
 (  0.390233 -0.068980 -0.000773 -0.004273 -0.058841  0.013388 ) 
 ( -0.571669  0.069227 -0.000178 -0.001099  0.085191 -0.022833 ) 
 ( -0.569883  0.081137 -0.000118 -0.001105  0.088284  0.000000 ) 
     freq (   11) =       5.666459 [THz] =     189.012718 [cm-1]
 ( -0.059615  0.027250  0.000388  0.000658 -0.395129  0.011345 ) 
 ( -0.061052 -0.023833 -0.000351  0.000679 -0.395997  0.011035 ) 
 (  0.087785 -0.027261 -0.000150  0.000178  0.574642  0.003605 ) 
 (  0.087592  0.027789  0.000150  0.000179  0.575408  0.000000 ) 
     freq (   12) =       6.455726 [THz] =     215.339851 [cm-1]
 ( -0.000025 -0.001761 -0.000070  0.000002  0.553914 -0.016739 ) 
 ( -0.000047 -0.001737 -0.000070  0.000002 -0.553039  0.017184 ) 
 ( -0.000032 -0.005443  0.000122 -0.000000 -0.440158 -0.000687 ) 
 ( -0.000010 -0.005461  0.000122  0.000000  0.439256  0.000000 ) 
 **************************************************************************
