Dynamical matrix file
default                                                                    
  2    4   4   7.7271278   0.0000000   5.9661236   0.0000000   0.0000000   0.0000000
           1  'In  '    104650.205105250     
           2  'Se  '    71967.6374358595     
    1    1     -0.0000000050      0.5773502721      1.0573362323
    2    1     -0.0000000050      0.5773502721      1.7491692554
    3    2      0.5000000050      0.2886751317      0.7452704650
    4    2      0.5000000050      0.2886751317      2.0612350764

     Dynamical  Matrix in cartesian axes

     q = (    0.020000000   0.000000000   0.010000000 ) 

    1    1
  0.11186464   0.00000000    -0.00000024   0.00040891     0.00076120  -0.00217451
 -0.00000024  -0.00040891     0.09465550   0.00000000    -0.00008782  -0.00001824
  0.00076120   0.00217451    -0.00008782   0.00001824     0.21655258   0.00000000
    1    2
  0.01791970  -0.00015329     0.00000390   0.00039893     0.00075918  -0.00248145
 -0.00000389  -0.00039894     0.00118793  -0.00000009    -0.00005725  -0.00001812
  0.00075919  -0.00248144     0.00005722   0.00001812    -0.09085302  -0.00003407
    1    3
 -0.10717487   0.00678714     0.00014318   0.00226088    -0.00036036   0.00637878
  0.00016364   0.00258075    -0.09026193   0.00567878     0.00014187   0.00000924
 -0.00058791   0.00276560     0.00009502  -0.00000197    -0.12241746   0.00772287
    1    4
 -0.02168140   0.00147316     0.00002032   0.00032562    -0.00067481   0.00139181
  0.00004275   0.00063455    -0.00491373   0.00030915     0.00003719   0.00001585
 -0.00062299   0.00218491     0.00000992   0.00000336    -0.00241726   0.00016514
    2    1
  0.01791970   0.00015329    -0.00000389   0.00039894     0.00075919   0.00248144
  0.00000390  -0.00039893     0.00118793   0.00000009     0.00005722  -0.00001812
  0.00075918   0.00248145    -0.00005725   0.00001812    -0.09085302   0.00003407
    2    2
  0.11186204   0.00000000     0.00000049   0.00040892     0.00076101   0.00217460
  0.00000049  -0.00040892     0.09465330   0.00000000     0.00008766  -0.00001814
  0.00076101  -0.00217460     0.00008766   0.00001814     0.21632722   0.00000000
    2    3
 -0.02169517   0.00125586     0.00002061   0.00032552    -0.00084402  -0.00129629
  0.00003710   0.00063488    -0.00491371   0.00030914    -0.00003492   0.00002038
 -0.00089190  -0.00208958    -0.00000944   0.00000457    -0.00241905   0.00013918
    2    4
 -0.10718045   0.00669895     0.00014126   0.00226110    -0.00115687  -0.00628330
  0.00016107   0.00258091    -0.09026202   0.00567883    -0.00013959   0.00002696
 -0.00092991  -0.00267018    -0.00009451   0.00001001    -0.12242131   0.00768102
    3    1
 -0.10717487  -0.00678714     0.00016364  -0.00258075    -0.00058791  -0.00276560
  0.00014318  -0.00226088    -0.09026193  -0.00567878     0.00009502   0.00000197
 -0.00036036  -0.00637878     0.00014187  -0.00000924    -0.12241746  -0.00772287
    3    2
 -0.02169517  -0.00125586     0.00003710  -0.00063488    -0.00089190   0.00208958
  0.00002061  -0.00032552    -0.00491371  -0.00030914    -0.00000944  -0.00000457
 -0.00084402   0.00129629    -0.00003492  -0.00002038    -0.00241905  -0.00013918
    3    3
  0.11379070   0.00000000    -0.00000065  -0.00008687     0.00075926  -0.00221839
 -0.00000065   0.00008687     0.09666570   0.00000000    -0.00002089   0.00000406
  0.00075926   0.00221839    -0.00002089  -0.00000406     0.12538782   0.00000000
    3    4
  0.01574661  -0.00006458     0.00000041  -0.00009034     0.00075943  -0.00155579
 -0.00000036   0.00009026    -0.00109658   0.00000001     0.00000798   0.00000401
  0.00075950  -0.00155581    -0.00000800  -0.00000403    -0.00008658   0.00000800
    4    1
 -0.02168140  -0.00147316     0.00004275  -0.00063455    -0.00062299  -0.00218491
  0.00002032  -0.00032562    -0.00491373  -0.00030915     0.00000992  -0.00000336
 -0.00067481  -0.00139181     0.00003719  -0.00001585    -0.00241726  -0.00016514
    4    2
 -0.10718045  -0.00669895     0.00016107  -0.00258091    -0.00092991   0.00267018
  0.00014126  -0.00226110    -0.09026202  -0.00567883    -0.00009451  -0.00001001
 -0.00115687   0.00628330    -0.00013959  -0.00002696    -0.12242131  -0.00768102
    4    3
  0.01574661   0.00006458    -0.00000036  -0.00009026     0.00075950   0.00155581
  0.00000041   0.00009034    -0.00109658  -0.00000001    -0.00000800   0.00000403
  0.00075943   0.00155579     0.00000798  -0.00000401    -0.00008658  -0.00000800
    4    4
  0.11377397   0.00000000     0.00000073  -0.00008691     0.00075899   0.00221827
  0.00000073   0.00008691     0.09664875   0.00000000     0.00002116   0.00000395
  0.00075899  -0.00221827     0.00002116  -0.00000395     0.12532312   0.00000000

     Dynamical  Matrix in cartesian axes

     q = (   -0.020000000   0.000000000  -0.010000000 ) 

    1    1
  0.11186464   0.00000000    -0.00000024  -0.00040891     0.00076120   0.00217451
 -0.00000024   0.00040891     0.09465550   0.00000000    -0.00008782   0.00001824
  0.00076120  -0.00217451    -0.00008782  -0.00001824     0.21655258   0.00000000
    1    2
  0.01791970   0.00015329     0.00000390  -0.00039893     0.00075918   0.00248145
 -0.00000389   0.00039894     0.00118793   0.00000009    -0.00005725   0.00001812
  0.00075919   0.00248144     0.00005722  -0.00001812    -0.09085302   0.00003407
    1    3
 -0.10717487  -0.00678714     0.00014318  -0.00226088    -0.00036036  -0.00637878
  0.00016364  -0.00258075    -0.09026193  -0.00567878     0.00014187  -0.00000924
 -0.00058791  -0.00276560     0.00009502   0.00000197    -0.12241746  -0.00772287
    1    4
 -0.02168140  -0.00147316     0.00002032  -0.00032562    -0.00067481  -0.00139181
  0.00004275  -0.00063455    -0.00491373  -0.00030915     0.00003719  -0.00001585
 -0.00062299  -0.00218491     0.00000992  -0.00000336    -0.00241726  -0.00016514
    2    1
  0.01791970  -0.00015329    -0.00000389  -0.00039894     0.00075919  -0.00248144
  0.00000390   0.00039893     0.00118793  -0.00000009     0.00005722   0.00001812
  0.00075918  -0.00248145    -0.00005725  -0.00001812    -0.09085302  -0.00003407
    2    2
  0.11186204   0.00000000     0.00000049  -0.00040892     0.00076101  -0.00217460
  0.00000049   0.00040892     0.09465330   0.00000000     0.00008766   0.00001814
  0.00076101   0.00217460     0.00008766  -0.00001814     0.21632722   0.00000000
    2    3
 -0.02169517  -0.00125586     0.00002061  -0.00032552    -0.00084402   0.00129629
  0.00003710  -0.00063488    -0.00491371  -0.00030914    -0.00003492  -0.00002038
 -0.00089190   0.00208958    -0.00000944  -0.00000457    -0.00241905  -0.00013918
    2    4
 -0.10718045  -0.00669895     0.00014126  -0.00226110    -0.00115687   0.00628330
  0.00016107  -0.00258091    -0.09026202  -0.00567883    -0.00013959  -0.00002696
 -0.00092991   0.00267018    -0.00009451  -0.00001001    -0.12242131  -0.00768102
    3    1
 -0.10717487   0.00678714     0.00016364   0.00258075    -0.00058791   0.00276560
  0.00014318   0.00226088    -0.09026193   0.00567878     0.00009502  -0.00000197
 -0.00036036   0.00637878     0.00014187   0.00000924    -0.12241746   0.00772287
    3    2
 -0.02169517   0.00125586     0.00003710   0.00063488    -0.00089190  -0.00208958
  0.00002061   0.00032552    -0.00491371   0.00030914    -0.00000944   0.00000457
 -0.00084402  -0.00129629    -0.00003492   0.00002038    -0.00241905   0.00013918
    3    3
  0.11379070   0.00000000    -0.00000065   0.00008687     0.00075926   0.00221839
 -0.00000065  -0.00008687     0.09666570   0.00000000    -0.00002089  -0.00000406
  0.00075926  -0.00221839    -0.00002089   0.00000406     0.12538782   0.00000000
    3    4
  0.01574661   0.00006458     0.00000041   0.00009034     0.00075943   0.00155579
 -0.00000036  -0.00009026    -0.00109658  -0.00000001     0.00000798  -0.00000401
  0.00075950   0.00155581    -0.00000800   0.00000403    -0.00008658  -0.00000800
    4    1
 -0.02168140   0.00147316     0.00004275   0.00063455    -0.00062299   0.00218491
  0.00002032   0.00032562    -0.00491373   0.00030915     0.00000992   0.00000336
 -0.00067481   0.00139181     0.00003719   0.00001585    -0.00241726   0.00016514
    4    2
 -0.10718045   0.00669895     0.00016107   0.00258091    -0.00092991  -0.00267018
  0.00014126   0.00226110    -0.09026202   0.00567883    -0.00009451   0.00001001
 -0.00115687  -0.00628330    -0.00013959   0.00002696    -0.12242131   0.00768102
    4    3
  0.01574661  -0.00006458    -0.00000036   0.00009026     0.00075950  -0.00155581
  0.00000041  -0.00009034    -0.00109658   0.00000001    -0.00000800  -0.00000403
  0.00075943  -0.00155579     0.00000798   0.00000401    -0.00008658   0.00000800
    4    4
  0.11377397   0.00000000     0.00000073   0.00008691     0.00075899  -0.00221827
  0.00000073  -0.00008691     0.09664875   0.00000000     0.00002116  -0.00000395
  0.00075899   0.00221827     0.00002116   0.00000395     0.12532312   0.00000000

     Effective Charges U-E: Z_{s,alpha}{beta}

     atom #    1
     -0.210007880199E-03     -0.130125173361E-01      0.000000000000E+00      0.000000000000E+00      0.000000000000E+00      0.000000000000E+00
      0.309292439036E-03     -0.479262646644E-05      0.000000000000E+00      0.000000000000E+00      0.000000000000E+00      0.000000000000E+00
      0.335324438161E-03     -0.745237753898E-03      0.000000000000E+00      0.000000000000E+00      0.000000000000E+00      0.000000000000E+00
     atom #    2
      0.210004311123E-03     -0.130125426379E-01      0.000000000000E+00      0.000000000000E+00      0.000000000000E+00      0.000000000000E+00
      0.309277417600E-03      0.478404975738E-05      0.000000000000E+00      0.000000000000E+00      0.000000000000E+00      0.000000000000E+00
     -0.335294719604E-03     -0.745222545298E-03      0.000000000000E+00      0.000000000000E+00      0.000000000000E+00      0.000000000000E+00
     atom #    3
      0.504918137189E-03      0.129183162457E-01      0.000000000000E+00      0.000000000000E+00      0.000000000000E+00      0.000000000000E+00
      0.684469744061E-04     -0.333352522688E-05      0.000000000000E+00      0.000000000000E+00      0.000000000000E+00      0.000000000000E+00
      0.339785743958E-04      0.699157708275E-03      0.000000000000E+00      0.000000000000E+00      0.000000000000E+00      0.000000000000E+00
     atom #    4
     -0.504925676214E-03      0.129182882084E-01      0.000000000000E+00      0.000000000000E+00      0.000000000000E+00      0.000000000000E+00
      0.685144924872E-04      0.336991670684E-05      0.000000000000E+00      0.000000000000E+00      0.000000000000E+00      0.000000000000E+00
     -0.339242083610E-04      0.699084656259E-03      0.000000000000E+00      0.000000000000E+00      0.000000000000E+00      0.000000000000E+00

     Diagonalizing the dynamical matrix

     q = (    0.020000000   0.000000000   0.010000000 ) 

 **************************************************************************
     freq (    1) =       0.167943 [THz] =       5.601985 [cm-1]
 ( -0.003194 -0.020878  0.000207  0.000033 -0.497623  0.031249 ) 
 ( -0.000586  0.020837 -0.000285  0.000063 -0.498378  0.031290 ) 
 ( -0.001871 -0.040622  0.000964 -0.000001 -0.498432 -0.000124 ) 
 ( -0.001893  0.040380 -0.001041 -0.000004 -0.499429  0.000000 ) 
     freq (    2) =       0.189458 [THz] =       6.319634 [cm-1]
 ( -0.000834 -0.007379  0.497770 -0.041546 -0.000062 -0.000019 ) 
 ( -0.000835 -0.007383  0.498246 -0.041585 -0.000020 -0.000024 ) 
 ( -0.000099  0.005721  0.499815 -0.010223 -0.000037 -0.000014 ) 
 ( -0.000102  0.005731  0.500320 -0.010233 -0.000043  0.000000 ) 
     freq (    3) =       0.229333 [THz] =       7.649731 [cm-1]
 (  0.026038 -0.498946 -0.007210 -0.000599 -0.000990  0.001835 ) 
 (  0.026221 -0.499428 -0.007214 -0.000592  0.001049  0.001944 ) 
 (  0.057234 -0.496219  0.005423  0.000402  0.016139  0.003753 ) 
 (  0.057599 -0.496706  0.005430  0.000415 -0.016338  0.000000 ) 
     freq (    4) =       1.105846 [THz] =      36.887050 [cm-1]
 ( -0.000183 -0.003154  0.511761 -0.001032  0.000449 -0.000009 ) 
 (  0.000179  0.003147 -0.511251  0.001031  0.000451 -0.000009 ) 
 ( -0.000661  0.008064  0.487473  0.029679  0.000228 -0.000001 ) 
 (  0.000653 -0.008059 -0.487012 -0.029651  0.000231  0.000000 ) 
     freq (    5) =       1.116010 [THz] =      37.226076 [cm-1]
 (  0.032227  0.510558  0.003183 -0.000027 -0.020820  0.001323 ) 
 ( -0.032081 -0.510060 -0.003181  0.000024 -0.020863  0.001313 ) 
 ( -0.000042  0.486466 -0.008055  0.000167 -0.040234  0.000017 ) 
 ( -0.000125 -0.485993  0.008045 -0.000168 -0.040282  0.000000 ) 
     freq (    6) =       2.996668 [THz] =      99.958100 [cm-1]
 (  0.000195  0.003098  0.000042 -0.000003 -0.338498  0.021274 ) 
 (  0.000192  0.003074  0.000044 -0.000004  0.337716 -0.021445 ) 
 (  0.000009 -0.023792  0.000260  0.000000 -0.620631  0.000321 ) 
 ( -0.000020 -0.023759  0.000259  0.000000  0.619776  0.000000 ) 
     freq (    7) =       4.807452 [THz] =     160.359352 [cm-1]
 ( -0.023720 -0.383335 -0.012481  0.000874 -0.053443  0.003382 ) 
 (  0.025119  0.383334  0.012489 -0.000906 -0.053487  0.003429 ) 
 ( -0.000549  0.588633  0.005757 -0.000150  0.053490 -0.000082 ) 
 ( -0.001480 -0.588706 -0.005766  0.000146  0.053554  0.000000 ) 
     freq (    8) =       4.810872 [THz] =     160.473412 [cm-1]
 ( -0.000286  0.012604 -0.387451 -0.005889  0.000300  0.000017 ) 
 (  0.000284 -0.012618  0.388062  0.005898  0.000298  0.000017 ) 
 (  0.000596 -0.005756  0.588904  0.046049  0.000176  0.000001 ) 
 ( -0.000591  0.005754 -0.589729 -0.046113  0.000175  0.000000 ) 
     freq (    9) =       4.923951 [THz] =     164.245323 [cm-1]
 ( -0.000524 -0.008668  0.400350 -0.024114  0.000256 -0.000015 ) 
 ( -0.000521 -0.008657  0.399802 -0.024081 -0.000257  0.000016 ) 
 (  0.000008 -0.002166 -0.582921 -0.001558 -0.000388 -0.000001 ) 
 (  0.000006 -0.002164 -0.582026 -0.001555  0.000388  0.000000 ) 
     freq (   10) =       5.636021 [THz] =     187.997426 [cm-1]
 (  0.136819  0.038545  0.001185 -0.003058 -0.373474  0.028028 ) 
 (  0.129222 -0.059292 -0.001645 -0.002838 -0.374117  0.029886 ) 
 ( -0.194633 -0.050374 -0.000585 -0.000774  0.546042 -0.015834 ) 
 ( -0.193049  0.056152  0.000563 -0.000792  0.546973  0.000000 ) 
     freq (   11) =       5.744099 [THz] =     191.602510 [cm-1]
 (  0.378151  0.004557 -0.000008 -0.008411  0.132164  0.006869 ) 
 (  0.376218  0.037868  0.000953 -0.008355  0.132415  0.008131 ) 
 ( -0.547117 -0.047643  0.000458 -0.002202 -0.188845 -0.046042 ) 
 ( -0.542804 -0.082673  0.000072 -0.002250 -0.194630  0.000000 ) 
     freq (   12) =       6.454362 [THz] =     215.294343 [cm-1]
 (  0.000092  0.000491 -0.000187  0.000010  0.553258 -0.033560 ) 
 (  0.000004  0.000541 -0.000186  0.000012 -0.552356  0.034384 ) 
 ( -0.000043 -0.016739  0.000512  0.000001 -0.439723 -0.001280 ) 
 (  0.000044 -0.016775  0.000512  0.000000  0.438838  0.000000 ) 
 **************************************************************************
