Dynamical matrix file
default                                                                    
  2    4   4   7.7271278   0.0000000   5.9661236   0.0000000   0.0000000   0.0000000
           1  'In  '    104650.205105250     
           2  'Se  '    71967.6374358595     
    1    1     -0.0000000050      0.5773502721      1.0573362323
    2    1     -0.0000000050      0.5773502721      1.7491692554
    3    2      0.5000000050      0.2886751317      0.7452704650
    4    2      0.5000000050      0.2886751317      2.0612350764

     Dynamical  Matrix in cartesian axes

     q = (    0.010000000   0.020000000   0.000000000 ) 

    1    1
  0.09844470   0.00000000     0.00758267  -0.00049509    -0.00008684  -0.00106392
  0.00758267   0.00049509     0.10982518   0.00000000     0.00006500  -0.00212794
 -0.00008684   0.00106392     0.00006500   0.00212794     0.21642975   0.00000000
    1    2
  0.00486265   0.00000001     0.00734532  -0.00048149    -0.00005787  -0.00125493
  0.00734533   0.00048152     0.01588632   0.00000001     0.00004333  -0.00250987
  0.00005786  -0.00125503    -0.00004328  -0.00251001    -0.09095301  -0.00000001
    1    3
 -0.09415687   0.00193901    -0.00745986   0.00138305     0.00012567   0.00317238
 -0.00745799   0.00099504    -0.10531125  -0.00301637    -0.00013614   0.00634290
  0.00008824   0.00138368    -0.00008491   0.00276615    -0.12252280  -0.00059483
    1    4
 -0.00861627   0.00040942    -0.00738472   0.00040339     0.00003223   0.00066481
 -0.00738290   0.00003003    -0.01968393  -0.00065490    -0.00003364   0.00132912
  0.00000467   0.00108673    -0.00001818   0.00217331    -0.00233598  -0.00001131
    2    1
  0.00486265  -0.00000001     0.00734533  -0.00048152     0.00005786   0.00125503
  0.00734532   0.00048149     0.01588632  -0.00000001    -0.00004328   0.00251001
 -0.00005787   0.00125493     0.00004333   0.00250987    -0.09095301   0.00000001
    2    2
  0.09844238   0.00000000     0.00758245  -0.00049514     0.00008661   0.00106405
  0.00758245   0.00049514     0.10982246   0.00000000    -0.00006525   0.00212803
  0.00008661  -0.00106405    -0.00006525  -0.00212803     0.21620473   0.00000000
    2    3
 -0.00861632   0.00040945    -0.00738477   0.00040343    -0.00003224  -0.00066480
 -0.00738295   0.00003009    -0.01968409  -0.00065487     0.00003365  -0.00132910
 -0.00000470  -0.00108667     0.00001813  -0.00217330    -0.00233630  -0.00001131
    2    4
 -0.09415689   0.00193900    -0.00745984   0.00138305    -0.00012567  -0.00317237
 -0.00745794   0.00099500    -0.10531123  -0.00301640     0.00013611  -0.00634287
 -0.00008831  -0.00138365     0.00008487  -0.00276619    -0.12252392  -0.00059482
    3    1
 -0.09415687  -0.00193901    -0.00745799  -0.00099504     0.00008824  -0.00138368
 -0.00745986  -0.00138305    -0.10531125   0.00301637    -0.00008491  -0.00276615
  0.00012567  -0.00317238    -0.00013614  -0.00634290    -0.12252280   0.00059483
    3    2
 -0.00861632  -0.00040945    -0.00738295  -0.00003009    -0.00000470   0.00108667
 -0.00738477  -0.00040343    -0.01968409   0.00065487     0.00001813   0.00217330
 -0.00003224   0.00066480     0.00003365   0.00132910    -0.00233630   0.00001131
    3    3
  0.10045407   0.00000000     0.00753809   0.00010482    -0.00002102  -0.00111053
  0.00753809  -0.00010482     0.11176162   0.00000000     0.00001551  -0.00222122
 -0.00002102   0.00111053     0.00001551   0.00222122     0.12529192   0.00000000
    3    4
  0.00260167   0.00000002     0.00739775   0.00010953     0.00000821  -0.00077086
  0.00739775  -0.00010946     0.01369860   0.00000004    -0.00000557  -0.00154171
 -0.00000820  -0.00077087     0.00000557  -0.00154175    -0.00015905  -0.00000000
    4    1
 -0.00861627  -0.00040942    -0.00738290  -0.00003003     0.00000467  -0.00108673
 -0.00738472  -0.00040339    -0.01968393   0.00065490    -0.00001818  -0.00217331
  0.00003223  -0.00066481    -0.00003364  -0.00132912    -0.00233598   0.00001131
    4    2
 -0.09415689  -0.00193900    -0.00745794  -0.00099500    -0.00008831   0.00138365
 -0.00745984  -0.00138305    -0.10531123   0.00301640     0.00008487   0.00276619
 -0.00012567   0.00317237     0.00013611   0.00634287    -0.12252392   0.00059482
    4    3
  0.00260167  -0.00000002     0.00739775   0.00010946    -0.00000820   0.00077087
  0.00739775  -0.00010953     0.01369860  -0.00000004     0.00000557   0.00154175
  0.00000821   0.00077086    -0.00000557   0.00154171    -0.00015905   0.00000000
    4    4
  0.10043691   0.00000000     0.00753799   0.00010478     0.00002102   0.00111057
  0.00753799  -0.00010478     0.11174464   0.00000000    -0.00001511   0.00222125
  0.00002102  -0.00111057    -0.00001511  -0.00222125     0.12522759   0.00000000

     Dynamical  Matrix in cartesian axes

     q = (   -0.010000000  -0.020000000   0.000000000 ) 

    1    1
  0.09844470   0.00000000     0.00758267   0.00049509    -0.00008684   0.00106392
  0.00758267  -0.00049509     0.10982518   0.00000000     0.00006500   0.00212794
 -0.00008684  -0.00106392     0.00006500  -0.00212794     0.21642975   0.00000000
    1    2
  0.00486265  -0.00000001     0.00734532   0.00048149    -0.00005787   0.00125493
  0.00734533  -0.00048152     0.01588632  -0.00000001     0.00004333   0.00250987
  0.00005786   0.00125503    -0.00004328   0.00251001    -0.09095301   0.00000001
    1    3
 -0.09415687  -0.00193901    -0.00745986  -0.00138305     0.00012567  -0.00317238
 -0.00745799  -0.00099504    -0.10531125   0.00301637    -0.00013614  -0.00634290
  0.00008824  -0.00138368    -0.00008491  -0.00276615    -0.12252280   0.00059483
    1    4
 -0.00861627  -0.00040942    -0.00738472  -0.00040339     0.00003223  -0.00066481
 -0.00738290  -0.00003003    -0.01968393   0.00065490    -0.00003364  -0.00132912
  0.00000467  -0.00108673    -0.00001818  -0.00217331    -0.00233598   0.00001131
    2    1
  0.00486265   0.00000001     0.00734533   0.00048152     0.00005786  -0.00125503
  0.00734532  -0.00048149     0.01588632   0.00000001    -0.00004328  -0.00251001
 -0.00005787  -0.00125493     0.00004333  -0.00250987    -0.09095301  -0.00000001
    2    2
  0.09844238   0.00000000     0.00758245   0.00049514     0.00008661  -0.00106405
  0.00758245  -0.00049514     0.10982246   0.00000000    -0.00006525  -0.00212803
  0.00008661   0.00106405    -0.00006525   0.00212803     0.21620473   0.00000000
    2    3
 -0.00861632  -0.00040945    -0.00738477  -0.00040343    -0.00003224   0.00066480
 -0.00738295  -0.00003009    -0.01968409   0.00065487     0.00003365   0.00132910
 -0.00000470   0.00108667     0.00001813   0.00217330    -0.00233630   0.00001131
    2    4
 -0.09415689  -0.00193900    -0.00745984  -0.00138305    -0.00012567   0.00317237
 -0.00745794  -0.00099500    -0.10531123   0.00301640     0.00013611   0.00634287
 -0.00008831   0.00138365     0.00008487   0.00276619    -0.12252392   0.00059482
    3    1
 -0.09415687   0.00193901    -0.00745799   0.00099504     0.00008824   0.00138368
 -0.00745986   0.00138305    -0.10531125  -0.00301637    -0.00008491   0.00276615
  0.00012567   0.00317238    -0.00013614   0.00634290    -0.12252280  -0.00059483
    3    2
 -0.00861632   0.00040945    -0.00738295   0.00003009    -0.00000470  -0.00108667
 -0.00738477   0.00040343    -0.01968409  -0.00065487     0.00001813  -0.00217330
 -0.00003224  -0.00066480     0.00003365  -0.00132910    -0.00233630  -0.00001131
    3    3
  0.10045407   0.00000000     0.00753809  -0.00010482    -0.00002102   0.00111053
  0.00753809   0.00010482     0.11176162   0.00000000     0.00001551   0.00222122
 -0.00002102  -0.00111053     0.00001551  -0.00222122     0.12529192   0.00000000
    3    4
  0.00260167  -0.00000002     0.00739775  -0.00010953     0.00000821   0.00077086
  0.00739775   0.00010946     0.01369860  -0.00000004    -0.00000557   0.00154171
 -0.00000820   0.00077087     0.00000557   0.00154175    -0.00015905   0.00000000
    4    1
 -0.00861627   0.00040942    -0.00738290   0.00003003     0.00000467   0.00108673
 -0.00738472   0.00040339    -0.01968393  -0.00065490    -0.00001818   0.00217331
  0.00003223   0.00066481    -0.00003364   0.00132912    -0.00233598  -0.00001131
    4    2
 -0.09415689   0.00193900    -0.00745794   0.00099500    -0.00008831  -0.00138365
 -0.00745984   0.00138305    -0.10531123  -0.00301640     0.00008487  -0.00276619
 -0.00012567  -0.00317237     0.00013611  -0.00634287    -0.12252392  -0.00059482
    4    3
  0.00260167   0.00000002     0.00739775  -0.00010946    -0.00000820  -0.00077087
  0.00739775   0.00010953     0.01369860   0.00000004     0.00000557  -0.00154175
  0.00000821  -0.00077086    -0.00000557  -0.00154171    -0.00015905  -0.00000000
    4    4
  0.10043691   0.00000000     0.00753799  -0.00010478     0.00002102  -0.00111057
  0.00753799   0.00010478     0.11174464   0.00000000    -0.00001511  -0.00222125
  0.00002102   0.00111057    -0.00001511   0.00222125     0.12522759   0.00000000

     Effective Charges U-E: Z_{s,alpha}{beta}

     atom #    1
      0.273208925618E-03     -0.575291891493E-02      0.000000000000E+00      0.000000000000E+00      0.000000000000E+00      0.000000000000E+00
     -0.204969132498E-03     -0.115058584359E-01      0.000000000000E+00      0.000000000000E+00      0.000000000000E+00      0.000000000000E+00
      0.380836143799E-03     -0.970696330819E-07      0.000000000000E+00      0.000000000000E+00      0.000000000000E+00      0.000000000000E+00
     atom #    2
      0.273223808042E-03     -0.575293593517E-02      0.000000000000E+00      0.000000000000E+00      0.000000000000E+00      0.000000000000E+00
     -0.204954784010E-03     -0.115058655361E-01      0.000000000000E+00      0.000000000000E+00      0.000000000000E+00      0.000000000000E+00
     -0.380786082830E-03      0.756431399846E-07      0.000000000000E+00      0.000000000000E+00      0.000000000000E+00      0.000000000000E+00
     atom #    3
      0.607293561442E-04      0.570821094553E-02      0.000000000000E+00      0.000000000000E+00      0.000000000000E+00      0.000000000000E+00
     -0.454842334022E-04      0.114164449533E-01      0.000000000000E+00      0.000000000000E+00      0.000000000000E+00      0.000000000000E+00
      0.119439552585E-04     -0.321069727753E-06      0.000000000000E+00      0.000000000000E+00      0.000000000000E+00      0.000000000000E+00
     atom #    4
      0.606868310341E-04      0.570818357883E-02      0.000000000000E+00      0.000000000000E+00      0.000000000000E+00      0.000000000000E+00
     -0.455159586432E-04      0.114163769499E-01      0.000000000000E+00      0.000000000000E+00      0.000000000000E+00      0.000000000000E+00
     -0.118949214062E-04      0.325115393439E-06      0.000000000000E+00      0.000000000000E+00      0.000000000000E+00      0.000000000000E+00

     Diagonalizing the dynamical matrix

     q = (    0.010000000   0.020000000   0.000000000 ) 

 **************************************************************************
     freq (    1) =       0.167955 [THz] =       5.602391 [cm-1]
 (  0.000241  0.010277 -0.000155  0.020619  0.498472  0.002418 ) 
 (  0.000825 -0.010427 -0.000315 -0.020804  0.499226  0.002422 ) 
 ( -0.000458  0.020067  0.000507  0.040192  0.498087  0.000002 ) 
 (  0.001531 -0.020218 -0.000981 -0.040386  0.499061  0.000000 ) 
     freq (    2) =       0.195804 [THz] =       6.531332 [cm-1]
 ( -0.445318  0.039748  0.222702 -0.010539  0.000609 -0.000020 ) 
 ( -0.445745  0.039761  0.222911 -0.010598  0.000558 -0.000018 ) 
 ( -0.446154  0.033216  0.221831 -0.023396  0.000570 -0.000044 ) 
 ( -0.446607  0.033203  0.222048 -0.023512  0.000595  0.000000 ) 
     freq (    3) =       0.243092 [THz] =       8.108682 [cm-1]
 (  0.005151  0.222938 -0.007767  0.447125  0.001255 -0.000014 ) 
 (  0.005153  0.223154 -0.007775  0.447553 -0.001016 -0.000038 ) 
 ( -0.005043  0.222800  0.003016  0.446983 -0.018165 -0.000055 ) 
 ( -0.005051  0.223022  0.003014  0.447424  0.018429  0.000000 ) 
     freq (    4) =       1.107045 [THz] =      36.927052 [cm-1]
 (  0.454176 -0.058827 -0.227094  0.025526  0.000544 -0.000050 ) 
 ( -0.453722  0.058766  0.226869 -0.025503  0.000544 -0.000050 ) 
 (  0.434003 -0.050836 -0.215270  0.035248  0.000275  0.000000 ) 
 ( -0.433592  0.050787  0.215068 -0.035215  0.000274  0.000000 ) 
     freq (    5) =       1.119635 [THz] =      37.347004 [cm-1]
 (  0.001972  0.228419 -0.003855  0.457754 -0.023094 -0.000186 ) 
 ( -0.001969 -0.228186  0.003851 -0.457294 -0.023141 -0.000186 ) 
 ( -0.006974  0.216968  0.005888  0.434818 -0.044769 -0.000001 ) 
 (  0.006967 -0.216750 -0.005882 -0.434386 -0.044820  0.000000 ) 
     freq (    6) =       2.996454 [THz] =      99.950951 [cm-1]
 (  0.000030  0.001430 -0.000047  0.002862 -0.339127 -0.001648 ) 
 (  0.000030  0.001419 -0.000044  0.002839  0.338360  0.001644 ) 
 (  0.000264 -0.011735 -0.000191 -0.023469 -0.620549 -0.000000 ) 
 (  0.000262 -0.011718 -0.000192 -0.023436  0.619697  0.000000 ) 
     freq (    7) =       4.806591 [THz] =     160.330612 [cm-1]
 ( -0.010200 -0.171509  0.010257 -0.342487 -0.059788 -0.000396 ) 
 (  0.010209  0.171551 -0.010261  0.342561 -0.059840 -0.000397 ) 
 (  0.004930  0.263212 -0.004193  0.525863  0.059736  0.000002 ) 
 ( -0.004939 -0.263249  0.004196 -0.525922  0.059807  0.000000 ) 
     freq (    8) =       4.810863 [THz] =     160.473108 [cm-1]
 ( -0.343331  0.046921  0.173567 -0.008101  0.000360 -0.000066 ) 
 (  0.343877 -0.046993 -0.173842  0.008119  0.000360 -0.000066 ) 
 (  0.524232 -0.065142 -0.263212  0.025584  0.000219 -0.000000 ) 
 ( -0.524974  0.065229  0.263583 -0.025630  0.000220  0.000000 ) 
     freq (    9) =       4.923943 [THz] =     164.245075 [cm-1]
 (  0.358705 -0.003777 -0.179288 -0.008793  0.000316  0.000002 ) 
 (  0.358208 -0.003771 -0.179045 -0.008782 -0.000315 -0.000002 ) 
 ( -0.521411 -0.001898  0.260703 -0.001724 -0.000479 -0.000000 ) 
 ( -0.520601 -0.001897  0.260305 -0.001723  0.000477  0.000000 ) 
     freq (   10) =       5.646063 [THz] =     188.332381 [cm-1]
 (  0.001371  0.025857 -0.001370  0.051696 -0.396352 -0.001916 ) 
 ( -0.001370 -0.025903  0.001377 -0.051786 -0.397192 -0.001920 ) 
 ( -0.000606 -0.027998  0.000451 -0.055997  0.578669 -0.000000 ) 
 (  0.000603  0.028046 -0.000457  0.056092  0.579417  0.000000 ) 
     freq (   11) =       5.806341 [THz] =     193.678678 [cm-1]
 (  0.008038  0.179158 -0.005862  0.358326 -0.000925 -0.000137 ) 
 (  0.008037  0.179133 -0.005861  0.358275  0.000838  0.000142 ) 
 (  0.000783 -0.260273 -0.004316 -0.520516  0.028370 -0.000008 ) 
 (  0.000782 -0.260217 -0.004316 -0.520407 -0.028232  0.000000 ) 
     freq (   12) =       6.453946 [THz] =     215.280456 [cm-1]
 ( -0.000136  0.000839  0.000170  0.001684  0.554295  0.002684 ) 
 ( -0.000135  0.000862  0.000169  0.001729 -0.553450 -0.002680 ) 
 (  0.000478 -0.009235 -0.000474 -0.018468 -0.439514 -0.000000 ) 
 (  0.000477 -0.009252 -0.000473 -0.018504  0.438635  0.000000 ) 
 **************************************************************************
