Dynamical matrix file
default                                                                    
  2    4   4   7.7271278   0.0000000   5.9661236   0.0000000   0.0000000   0.0000000
           1  'In  '    104650.205105250     
           2  'Se  '    71967.6374358595     
    1    1     -0.0000000050      0.5773502721      1.0573362323
    2    1     -0.0000000050      0.5773502721      1.7491692554
    3    2      0.5000000050      0.2886751317      0.7452704650
    4    2      0.5000000050      0.2886751317      2.0612350764

     Dynamical  Matrix in cartesian axes

     q = (    0.000000000   0.010000000   0.010000000 ) 

    1    1
  0.09465814   0.00000000     0.00000004  -0.00000005    -0.00000001   0.00000003
  0.00000004   0.00000005     0.10793070   0.00000000     0.00125367  -0.00112464
 -0.00000001  -0.00000003     0.00125367   0.00112464     0.21685840   0.00000000
    1    2
  0.00117839   0.00000000     0.00000000  -0.00000003     0.00000000  -0.00000000
 -0.00000004   0.00000000     0.01433113  -0.00012379     0.00124412  -0.00119462
 -0.00000004  -0.00000001     0.00121625  -0.00122419    -0.09061672  -0.00002766
    1    3
 -0.09050740  -0.00055261    -0.00000001   0.00000004    -0.00000002   0.00000001
  0.00000000   0.00000004    -0.10367299  -0.00312634    -0.00132223   0.00313424
  0.00000001   0.00000000    -0.00127841   0.00128621    -0.12298968  -0.00221360
    1    4
 -0.00492777   0.00002846    -0.00000000   0.00000003     0.00000000   0.00000000
  0.00000010   0.00000016    -0.01809348  -0.00055010    -0.00125221   0.00065537
 -0.00000003   0.00000002    -0.00125137   0.00101036    -0.00262285  -0.00003690
    2    1
  0.00117839  -0.00000000    -0.00000004  -0.00000000    -0.00000004   0.00000001
  0.00000000   0.00000003     0.01433113   0.00012379     0.00121625   0.00122419
  0.00000000   0.00000000     0.00124412   0.00119462    -0.09061672   0.00002766
    2    2
  0.09465449   0.00000000     0.00000009   0.00000002    -0.00000008  -0.00000002
  0.00000009  -0.00000002     0.10792803   0.00000000     0.00120837   0.00115436
 -0.00000008   0.00000002     0.00120837  -0.00115436     0.21663263   0.00000000
    2    3
 -0.00492763   0.00002845     0.00000004   0.00000000    -0.00000001   0.00000001
  0.00000001   0.00000003    -0.01808822  -0.00072625    -0.00120784  -0.00072964
 -0.00000004   0.00000001    -0.00120916  -0.00106135    -0.00262250  -0.00005825
    2    4
 -0.09050767  -0.00055259     0.00000003   0.00000000     0.00000003  -0.00000001
  0.00000007   0.00000018    -0.10366993  -0.00319763    -0.00113721  -0.00320847
  0.00000011  -0.00000002    -0.00118330  -0.00133708    -0.12299030  -0.00224771
    3    1
 -0.09050740   0.00055261     0.00000000  -0.00000004     0.00000001  -0.00000000
 -0.00000001  -0.00000004    -0.10367299   0.00312634    -0.00127841  -0.00128621
 -0.00000002  -0.00000001    -0.00132223  -0.00313424    -0.12298968   0.00221360
    3    2
 -0.00492763  -0.00002845     0.00000001  -0.00000003    -0.00000004  -0.00000001
  0.00000004  -0.00000000    -0.01808822   0.00072625    -0.00120916   0.00106135
 -0.00000001  -0.00000001    -0.00120784   0.00072964    -0.00262250   0.00005825
    3    3
  0.09660803   0.00000000    -0.00000005   0.00000010     0.00000035  -0.00000005
 -0.00000005  -0.00000010     0.10986957   0.00000000     0.00123522  -0.00111038
  0.00000035   0.00000005     0.00123522   0.00111038     0.12561477   0.00000000
    3    4
 -0.00109484  -0.00000000    -0.00000002   0.00000003    -0.00000002   0.00000000
 -0.00000010  -0.00000017     0.01209481  -0.00005244     0.00122873  -0.00079723
 -0.00000004  -0.00000000     0.00123203  -0.00079104     0.00006985   0.00000639
    4    1
 -0.00492777  -0.00002846     0.00000010  -0.00000016    -0.00000003  -0.00000002
 -0.00000000  -0.00000003    -0.01809348   0.00055010    -0.00125137  -0.00101036
  0.00000000  -0.00000000    -0.00125221  -0.00065537    -0.00262285   0.00003690
    4    2
 -0.09050767   0.00055259     0.00000007  -0.00000018     0.00000011   0.00000002
  0.00000003  -0.00000000    -0.10366993   0.00319763    -0.00118330   0.00133708
  0.00000003   0.00000001    -0.00113721   0.00320847    -0.12299030   0.00224771
    4    3
 -0.00109484   0.00000000    -0.00000010   0.00000017    -0.00000004   0.00000000
 -0.00000002  -0.00000003     0.01209481   0.00005244     0.00123203   0.00079104
 -0.00000002  -0.00000000     0.00122873   0.00079723     0.00006985  -0.00000639
    4    4
  0.09659159   0.00000000     0.00000005   0.00000012    -0.00000010   0.00000001
  0.00000005  -0.00000012     0.10985153   0.00000000     0.00122515   0.00110408
 -0.00000010  -0.00000001     0.00122515  -0.00110408     0.12554983   0.00000000

     Dynamical  Matrix in cartesian axes

     q = (    0.000000000  -0.010000000  -0.010000000 ) 

    1    1
  0.09465814   0.00000000     0.00000004   0.00000005    -0.00000001  -0.00000003
  0.00000004  -0.00000005     0.10793070   0.00000000     0.00125367   0.00112464
 -0.00000001   0.00000003     0.00125367  -0.00112464     0.21685840   0.00000000
    1    2
  0.00117839  -0.00000000     0.00000000   0.00000003     0.00000000   0.00000000
 -0.00000004  -0.00000000     0.01433113   0.00012379     0.00124412   0.00119462
 -0.00000004   0.00000001     0.00121625   0.00122419    -0.09061672   0.00002766
    1    3
 -0.09050740   0.00055261    -0.00000001  -0.00000004    -0.00000002  -0.00000001
  0.00000000  -0.00000004    -0.10367299   0.00312634    -0.00132223  -0.00313424
  0.00000001  -0.00000000    -0.00127841  -0.00128621    -0.12298968   0.00221360
    1    4
 -0.00492777  -0.00002846    -0.00000000  -0.00000003     0.00000000  -0.00000000
  0.00000010  -0.00000016    -0.01809348   0.00055010    -0.00125221  -0.00065537
 -0.00000003  -0.00000002    -0.00125137  -0.00101036    -0.00262285   0.00003690
    2    1
  0.00117839   0.00000000    -0.00000004   0.00000000    -0.00000004  -0.00000001
  0.00000000  -0.00000003     0.01433113  -0.00012379     0.00121625  -0.00122419
  0.00000000  -0.00000000     0.00124412  -0.00119462    -0.09061672  -0.00002766
    2    2
  0.09465449   0.00000000     0.00000009  -0.00000002    -0.00000008   0.00000002
  0.00000009   0.00000002     0.10792803   0.00000000     0.00120837  -0.00115436
 -0.00000008  -0.00000002     0.00120837   0.00115436     0.21663263   0.00000000
    2    3
 -0.00492763  -0.00002845     0.00000004  -0.00000000    -0.00000001  -0.00000001
  0.00000001  -0.00000003    -0.01808822   0.00072625    -0.00120784   0.00072964
 -0.00000004  -0.00000001    -0.00120916   0.00106135    -0.00262250   0.00005825
    2    4
 -0.09050767   0.00055259     0.00000003  -0.00000000     0.00000003   0.00000001
  0.00000007  -0.00000018    -0.10366993   0.00319763    -0.00113721   0.00320847
  0.00000011   0.00000002    -0.00118330   0.00133708    -0.12299030   0.00224771
    3    1
 -0.09050740  -0.00055261     0.00000000   0.00000004     0.00000001   0.00000000
 -0.00000001   0.00000004    -0.10367299  -0.00312634    -0.00127841   0.00128621
 -0.00000002   0.00000001    -0.00132223   0.00313424    -0.12298968  -0.00221360
    3    2
 -0.00492763   0.00002845     0.00000001   0.00000003    -0.00000004   0.00000001
  0.00000004   0.00000000    -0.01808822  -0.00072625    -0.00120916  -0.00106135
 -0.00000001   0.00000001    -0.00120784  -0.00072964    -0.00262250  -0.00005825
    3    3
  0.09660803   0.00000000    -0.00000005  -0.00000010     0.00000035   0.00000005
 -0.00000005   0.00000010     0.10986957   0.00000000     0.00123522   0.00111038
  0.00000035  -0.00000005     0.00123522  -0.00111038     0.12561477   0.00000000
    3    4
 -0.00109484   0.00000000    -0.00000002  -0.00000003    -0.00000002  -0.00000000
 -0.00000010   0.00000017     0.01209481   0.00005244     0.00122873   0.00079723
 -0.00000004   0.00000000     0.00123203   0.00079104     0.00006985  -0.00000639
    4    1
 -0.00492777   0.00002846     0.00000010   0.00000016    -0.00000003   0.00000002
 -0.00000000   0.00000003    -0.01809348  -0.00055010    -0.00125137   0.00101036
  0.00000000   0.00000000    -0.00125221   0.00065537    -0.00262285  -0.00003690
    4    2
 -0.09050767  -0.00055259     0.00000007   0.00000018     0.00000011  -0.00000002
  0.00000003   0.00000000    -0.10366993  -0.00319763    -0.00118330  -0.00133708
  0.00000003  -0.00000001    -0.00113721  -0.00320847    -0.12299030  -0.00224771
    4    3
 -0.00109484  -0.00000000    -0.00000010  -0.00000017    -0.00000004  -0.00000000
 -0.00000002   0.00000003     0.01209481  -0.00005244     0.00123203  -0.00079104
 -0.00000002   0.00000000     0.00122873  -0.00079723     0.00006985   0.00000639
    4    4
  0.09659159   0.00000000     0.00000005  -0.00000012    -0.00000010  -0.00000001
  0.00000005   0.00000012     0.10985153   0.00000000     0.00122515  -0.00110408
 -0.00000010   0.00000001     0.00122515   0.00110408     0.12554983   0.00000000

     Effective Charges U-E: Z_{s,alpha}{beta}

     atom #    1
      0.193635966249E-07     -0.257437234386E-08      0.000000000000E+00      0.000000000000E+00      0.000000000000E+00      0.000000000000E+00
     -0.234238478707E-03     -0.818042744291E-02      0.000000000000E+00      0.000000000000E+00      0.000000000000E+00      0.000000000000E+00
      0.984348225311E-04     -0.827834979904E-03      0.000000000000E+00      0.000000000000E+00      0.000000000000E+00      0.000000000000E+00
     atom #    2
     -0.109504715781E-08      0.265824725448E-07      0.000000000000E+00      0.000000000000E+00      0.000000000000E+00      0.000000000000E+00
      0.390459734129E-04     -0.818357466293E-02      0.000000000000E+00      0.000000000000E+00      0.000000000000E+00      0.000000000000E+00
     -0.982935116373E-04     -0.827789705220E-03      0.000000000000E+00      0.000000000000E+00      0.000000000000E+00      0.000000000000E+00
     atom #    3
      0.203879390880E-07     -0.917999707531E-08      0.000000000000E+00      0.000000000000E+00      0.000000000000E+00      0.000000000000E+00
      0.299002761416E-03      0.816456027962E-02      0.000000000000E+00      0.000000000000E+00      0.000000000000E+00      0.000000000000E+00
      0.293826282090E-04      0.809416598242E-03      0.000000000000E+00      0.000000000000E+00      0.000000000000E+00      0.000000000000E+00
     atom #    4
      0.106312765858E-06     -0.526885841890E-07      0.000000000000E+00      0.000000000000E+00      0.000000000000E+00      0.000000000000E+00
     -0.341957641344E-03      0.816244813530E-02      0.000000000000E+00      0.000000000000E+00      0.000000000000E+00      0.000000000000E+00
     -0.295214915675E-04      0.809819050412E-03      0.000000000000E+00      0.000000000000E+00      0.000000000000E+00      0.000000000000E+00

     Diagonalizing the dynamical matrix

     q = (    0.000000000   0.010000000   0.010000000 ) 

 **************************************************************************
     freq (    1) =       0.167318 [THz] =       5.581113 [cm-1]
 ( -0.003260  0.000726  0.003399  0.010847  0.498921  0.009101 ) 
 ( -0.003252  0.000727  0.003672 -0.010628  0.499679  0.009123 ) 
 ( -0.003261  0.000745  0.003777  0.020566  0.499534  0.000115 ) 
 ( -0.003253  0.000746  0.003279 -0.020589  0.500527  0.000000 ) 
     freq (    2) =       0.169017 [THz] =       5.637792 [cm-1]
 ( -0.487080  0.110299  0.000775 -0.000402 -0.003338 -0.000049 ) 
 ( -0.487581  0.110411  0.000781 -0.000258 -0.003343 -0.000047 ) 
 ( -0.487076  0.113114  0.000761 -0.000493 -0.003335  0.000025 ) 
 ( -0.487600  0.113235  0.000773 -0.000217 -0.003355  0.000000 ) 
     freq (    3) =       0.181052 [THz] =       6.039237 [cm-1]
 (  0.000492 -0.000717  0.210564 -0.453003 -0.001911  0.002991 ) 
 (  0.000491 -0.000710  0.210903 -0.453369 -0.000974  0.003436 ) 
 (  0.000488 -0.000720  0.196392 -0.459673  0.006064  0.006483 ) 
 (  0.000488 -0.000714  0.196859 -0.460022 -0.008878  0.000000 ) 
     freq (    4) =       1.102277 [THz] =      36.768005 [cm-1]
 (  0.036146  0.510369 -0.000156 -0.000627  0.000013  0.000002 ) 
 ( -0.036106 -0.509827  0.000158  0.000620  0.000014  0.000003 ) 
 (  0.037826  0.487142 -0.000166 -0.000594  0.000025 -0.000003 ) 
 ( -0.037787 -0.486644  0.000168  0.000586  0.000025  0.000000 ) 
     freq (    5) =       1.104854 [THz] =      36.853947 [cm-1]
 ( -0.000125  0.000628 -0.009270  0.511491 -0.010744 -0.000273 ) 
 (  0.000122 -0.000634  0.009359 -0.510988 -0.010766 -0.000278 ) 
 ( -0.000115  0.000601  0.005432  0.488069 -0.020409  0.000008 ) 
 (  0.000113 -0.000606 -0.005566 -0.487603 -0.020434  0.000000 ) 
     freq (    6) =       2.997414 [THz] =      99.982962 [cm-1]
 ( -0.000003  0.000000 -0.000050  0.001862 -0.339239 -0.006173 ) 
 (  0.000000  0.000000 -0.000051  0.001849  0.338469  0.005966 ) 
 ( -0.000000 -0.000000 -0.000057 -0.012299 -0.620900  0.000282 ) 
 (  0.000000 -0.000000 -0.000068 -0.012282  0.620045  0.000000 ) 
     freq (    7) =       4.810034 [THz] =     160.445449 [cm-1]
 ( -0.000005  0.000481  0.014291 -0.386920 -0.026899 -0.000595 ) 
 (  0.000002 -0.000490 -0.012879  0.387071 -0.026923 -0.000573 ) 
 (  0.000002 -0.000733 -0.004333  0.590366  0.026868 -0.000043 ) 
 (  0.000002  0.000745  0.002276 -0.590463  0.026900  0.000000 ) 
     freq (    8) =       4.810892 [THz] =     160.474095 [cm-1]
 (  0.032101 -0.386529  0.000054 -0.000481 -0.000034 -0.000001 ) 
 ( -0.032151  0.387132 -0.000054  0.000481 -0.000034 -0.000002 ) 
 ( -0.044885  0.588921 -0.000060  0.000735  0.000034  0.000002 ) 
 (  0.044948 -0.589742  0.000061 -0.000736  0.000034  0.000000 ) 
     freq (    9) =       4.923979 [THz] =     164.246274 [cm-1]
 ( -0.376468  0.138960  0.000003 -0.000001  0.000002 -0.000000 ) 
 ( -0.375954  0.138770 -0.000005 -0.000001 -0.000000 -0.000000 ) 
 (  0.545660 -0.204824 -0.000005  0.000002  0.000000  0.000000 ) 
 (  0.544831 -0.204511  0.000008  0.000002 -0.000001  0.000000 ) 
     freq (   10) =       5.536336 [THz] =     184.672286 [cm-1]
 ( -0.000001  0.000000  0.360778  0.007529 -0.174633  0.002121 ) 
 ( -0.000000  0.000002  0.360511 -0.016346 -0.174672  0.005993 ) 
 (  0.000002 -0.000001 -0.523992  0.009447  0.253182 -0.020994 ) 
 (  0.000000 -0.000004 -0.522902  0.036020  0.254122  0.000000 ) 
     freq (   11) =       5.678190 [THz] =     189.404027 [cm-1]
 ( -0.000001  0.000000 -0.175888  0.016270 -0.359543 -0.009683 ) 
 (  0.000001 -0.000001 -0.173892 -0.029997 -0.360427 -0.010585 ) 
 (  0.000002  0.000000  0.254664 -0.022852  0.522812  0.010489 ) 
 ( -0.000002  0.000002  0.253840  0.026882  0.523737  0.000000 ) 
     freq (   12) =       6.455761 [THz] =     215.341014 [cm-1]
 (  0.000000  0.000000  0.000146 -0.000741  0.554071  0.010882 ) 
 (  0.000000  0.000000  0.000115 -0.000718 -0.553211 -0.010275 ) 
 ( -0.000001  0.000000 -0.000218 -0.006920 -0.440140 -0.000858 ) 
 ( -0.000001 -0.000000 -0.000189 -0.006938  0.439224  0.000000 ) 
 **************************************************************************
