Dynamical matrix file
default                                                                    
  2    4   4   7.7271278   0.0000000   5.9661236   0.0000000   0.0000000   0.0000000
           1  'In  '    104650.205105250     
           2  'Se  '    71967.6374358595     
    1    1     -0.0000000050      0.5773502721      1.0573362323
    2    1     -0.0000000050      0.5773502721      1.7491692554
    3    2      0.5000000050      0.2886751317      0.7452704650
    4    2      0.5000000050      0.2886751317      2.0612350764

     Dynamical  Matrix in cartesian axes

     q = (    0.010000000   0.000000000   0.000000000 ) 

    1    1
  0.11327493   0.00000000    -0.00000001   0.00022213     0.00000016  -0.00107304
 -0.00000001  -0.00022213     0.09465912   0.00000000    -0.00002178   0.00000004
  0.00000016   0.00107304    -0.00002178  -0.00000004     0.21672992   0.00000000
    1    2
  0.01967752  -0.00000010    -0.00000006   0.00022080     0.00000000  -0.00126322
 -0.00000002  -0.00022088     0.00118082   0.00000000    -0.00001450   0.00000002
  0.00000002  -0.00126277     0.00001451   0.00000004    -0.09074627  -0.00000006
    1    3
 -0.10900593   0.00342556     0.00003575   0.00113668     0.00009985   0.00317825
  0.00004118   0.00131022    -0.09045750   0.00284274     0.00003534  -0.00000110
  0.00004317   0.00137437     0.00002384  -0.00000076    -0.12281999   0.00385976
    1    4
 -0.02343581   0.00073658     0.00000534   0.00016664     0.00002108   0.00067208
  0.00001067   0.00033879    -0.00492341   0.00015472     0.00000908  -0.00000028
  0.00003431   0.00109270     0.00000249  -0.00000008    -0.00249323   0.00007838
    2    1
  0.01967752   0.00000010    -0.00000002   0.00022088     0.00000002   0.00126277
 -0.00000006  -0.00022080     0.00118082  -0.00000000     0.00001451  -0.00000004
  0.00000000   0.00126322    -0.00001450  -0.00000002    -0.09074627   0.00000006
    2    2
  0.11327238   0.00000000    -0.00000007   0.00022204    -0.00000008   0.00107283
 -0.00000007  -0.00022204     0.09465674   0.00000000     0.00002163  -0.00000001
 -0.00000008  -0.00107283     0.00002163   0.00000001     0.21650451   0.00000000
    2    3
 -0.02343617   0.00073631     0.00000527   0.00016662    -0.00002114  -0.00067229
  0.00001071   0.00033872    -0.00492339   0.00015472    -0.00000907   0.00000027
 -0.00003436  -0.00109302    -0.00000248   0.00000006    -0.00249328   0.00007836
    2    4
 -0.10900563   0.00342562     0.00003583   0.00113671    -0.00009991  -0.00317834
  0.00004123   0.00131014    -0.09045762   0.00284274    -0.00003535   0.00000110
 -0.00004321  -0.00137474    -0.00002376   0.00000074    -0.12282115   0.00385983
    3    1
 -0.10900593  -0.00342556     0.00004118  -0.00131022     0.00004317  -0.00137437
  0.00003575  -0.00113668    -0.09045750  -0.00284274     0.00002384   0.00000076
  0.00009985  -0.00317825     0.00003534   0.00000110    -0.12281999  -0.00385976
    3    2
 -0.02343617  -0.00073631     0.00001071  -0.00033872    -0.00003436   0.00109302
  0.00000527  -0.00016662    -0.00492339  -0.00015472    -0.00000248  -0.00000006
 -0.00002114   0.00067229    -0.00000907  -0.00000027    -0.00249328  -0.00007836
    3    3
  0.11521628   0.00000000     0.00000004  -0.00004845    -0.00000014  -0.00111817
  0.00000004   0.00004845     0.09660873   0.00000000    -0.00000520   0.00000004
 -0.00000014   0.00111817    -0.00000520  -0.00000004     0.12548585   0.00000000
    3    4
  0.01744195  -0.00000017    -0.00000011  -0.00004887     0.00000003  -0.00077748
 -0.00000004   0.00004885    -0.00109468  -0.00000000     0.00000196   0.00000001
  0.00000001  -0.00077765    -0.00000197   0.00000000    -0.00005893   0.00000001
    4    1
 -0.02343581  -0.00073658     0.00001067  -0.00033879     0.00003431  -0.00109270
  0.00000534  -0.00016664    -0.00492341  -0.00015472     0.00000249   0.00000008
  0.00002108  -0.00067208     0.00000908   0.00000028    -0.00249323  -0.00007838
    4    2
 -0.10900563  -0.00342562     0.00004123  -0.00131014    -0.00004321   0.00137474
  0.00003583  -0.00113671    -0.09045762  -0.00284274    -0.00002376  -0.00000074
 -0.00009991   0.00317834    -0.00003535  -0.00000110    -0.12282115  -0.00385983
    4    3
  0.01744195   0.00000017    -0.00000004  -0.00004885     0.00000001   0.00077765
 -0.00000011   0.00004887    -0.00109468   0.00000000    -0.00000197  -0.00000000
  0.00000003   0.00077748     0.00000196  -0.00000001    -0.00005893  -0.00000001
    4    4
  0.11519851   0.00000000    -0.00000017  -0.00004844    -0.00000023   0.00111849
 -0.00000017   0.00004844     0.09659156   0.00000000     0.00000530  -0.00000003
 -0.00000023  -0.00111849     0.00000530   0.00000003     0.12542155   0.00000000

     Dynamical  Matrix in cartesian axes

     q = (   -0.010000000   0.000000000   0.000000000 ) 

    1    1
  0.11327493   0.00000000    -0.00000001  -0.00022213     0.00000016   0.00107304
 -0.00000001   0.00022213     0.09465912   0.00000000    -0.00002178  -0.00000004
  0.00000016  -0.00107304    -0.00002178   0.00000004     0.21672992   0.00000000
    1    2
  0.01967752   0.00000010    -0.00000006  -0.00022080     0.00000000   0.00126322
 -0.00000002   0.00022088     0.00118082  -0.00000000    -0.00001450  -0.00000002
  0.00000002   0.00126277     0.00001451  -0.00000004    -0.09074627   0.00000006
    1    3
 -0.10900593  -0.00342556     0.00003575  -0.00113668     0.00009985  -0.00317825
  0.00004118  -0.00131022    -0.09045750  -0.00284274     0.00003534   0.00000110
  0.00004317  -0.00137437     0.00002384   0.00000076    -0.12281999  -0.00385976
    1    4
 -0.02343581  -0.00073658     0.00000534  -0.00016664     0.00002108  -0.00067208
  0.00001067  -0.00033879    -0.00492341  -0.00015472     0.00000908   0.00000028
  0.00003431  -0.00109270     0.00000249   0.00000008    -0.00249323  -0.00007838
    2    1
  0.01967752  -0.00000010    -0.00000002  -0.00022088     0.00000002  -0.00126277
 -0.00000006   0.00022080     0.00118082   0.00000000     0.00001451   0.00000004
  0.00000000  -0.00126322    -0.00001450   0.00000002    -0.09074627  -0.00000006
    2    2
  0.11327238   0.00000000    -0.00000007  -0.00022204    -0.00000008  -0.00107283
 -0.00000007   0.00022204     0.09465674   0.00000000     0.00002163   0.00000001
 -0.00000008   0.00107283     0.00002163  -0.00000001     0.21650451   0.00000000
    2    3
 -0.02343617  -0.00073631     0.00000527  -0.00016662    -0.00002114   0.00067229
  0.00001071  -0.00033872    -0.00492339  -0.00015472    -0.00000907  -0.00000027
 -0.00003436   0.00109302    -0.00000248  -0.00000006    -0.00249328  -0.00007836
    2    4
 -0.10900563  -0.00342562     0.00003583  -0.00113671    -0.00009991   0.00317834
  0.00004123  -0.00131014    -0.09045762  -0.00284274    -0.00003535  -0.00000110
 -0.00004321   0.00137474    -0.00002376  -0.00000074    -0.12282115  -0.00385983
    3    1
 -0.10900593   0.00342556     0.00004118   0.00131022     0.00004317   0.00137437
  0.00003575   0.00113668    -0.09045750   0.00284274     0.00002384  -0.00000076
  0.00009985   0.00317825     0.00003534  -0.00000110    -0.12281999   0.00385976
    3    2
 -0.02343617   0.00073631     0.00001071   0.00033872    -0.00003436  -0.00109302
  0.00000527   0.00016662    -0.00492339   0.00015472    -0.00000248   0.00000006
 -0.00002114  -0.00067229    -0.00000907   0.00000027    -0.00249328   0.00007836
    3    3
  0.11521628   0.00000000     0.00000004   0.00004845    -0.00000014   0.00111817
  0.00000004  -0.00004845     0.09660873   0.00000000    -0.00000520  -0.00000004
 -0.00000014  -0.00111817    -0.00000520   0.00000004     0.12548585   0.00000000
    3    4
  0.01744195   0.00000017    -0.00000011   0.00004887     0.00000003   0.00077748
 -0.00000004  -0.00004885    -0.00109468   0.00000000     0.00000196  -0.00000001
  0.00000001   0.00077765    -0.00000197  -0.00000000    -0.00005893  -0.00000001
    4    1
 -0.02343581   0.00073658     0.00001067   0.00033879     0.00003431   0.00109270
  0.00000534   0.00016664    -0.00492341   0.00015472     0.00000249  -0.00000008
  0.00002108   0.00067208     0.00000908  -0.00000028    -0.00249323   0.00007838
    4    2
 -0.10900563   0.00342562     0.00004123   0.00131014    -0.00004321  -0.00137474
  0.00003583   0.00113671    -0.09045762   0.00284274    -0.00002376   0.00000074
 -0.00009991  -0.00317834    -0.00003535   0.00000110    -0.12282115   0.00385983
    4    3
  0.01744195  -0.00000017    -0.00000004   0.00004885     0.00000001  -0.00077765
 -0.00000011  -0.00004887    -0.00109468  -0.00000000    -0.00000197   0.00000000
  0.00000003  -0.00077748     0.00000196   0.00000001    -0.00005893   0.00000001
    4    4
  0.11519851   0.00000000    -0.00000017   0.00004844    -0.00000023  -0.00111849
 -0.00000017  -0.00004844     0.09659156   0.00000000     0.00000530   0.00000003
 -0.00000023   0.00111849     0.00000530  -0.00000003     0.12542155   0.00000000

     Effective Charges U-E: Z_{s,alpha}{beta}

     atom #    1
      0.943312675995E-08     -0.579513706558E-02      0.000000000000E+00      0.000000000000E+00      0.000000000000E+00      0.000000000000E+00
      0.691554026626E-04      0.722999495236E-08      0.000000000000E+00      0.000000000000E+00      0.000000000000E+00      0.000000000000E+00
      0.771542224481E-04     -0.120249186770E-07      0.000000000000E+00      0.000000000000E+00      0.000000000000E+00      0.000000000000E+00
     atom #    2
     -0.272181531546E-07     -0.579510852285E-02      0.000000000000E+00      0.000000000000E+00      0.000000000000E+00      0.000000000000E+00
      0.691324606919E-04      0.213086281562E-07      0.000000000000E+00      0.000000000000E+00      0.000000000000E+00      0.000000000000E+00
     -0.772535332239E-04     -0.468339542595E-08      0.000000000000E+00      0.000000000000E+00      0.000000000000E+00      0.000000000000E+00
     atom #    3
     -0.366522162937E-07      0.578841604701E-02      0.000000000000E+00      0.000000000000E+00      0.000000000000E+00      0.000000000000E+00
      0.152189195470E-04     -0.108081970958E-07      0.000000000000E+00      0.000000000000E+00      0.000000000000E+00      0.000000000000E+00
      0.225601227265E-05      0.741741516265E-08      0.000000000000E+00      0.000000000000E+00      0.000000000000E+00      0.000000000000E+00
     atom #    4
      0.165403808490E-07      0.578830333995E-02      0.000000000000E+00      0.000000000000E+00      0.000000000000E+00      0.000000000000E+00
      0.152219257278E-04     -0.356300492368E-07      0.000000000000E+00      0.000000000000E+00      0.000000000000E+00      0.000000000000E+00
     -0.230297027003E-05      0.106145313791E-07      0.000000000000E+00      0.000000000000E+00      0.000000000000E+00      0.000000000000E+00

     Diagonalizing the dynamical matrix

     q = (    0.010000000   0.000000000   0.000000000 ) 

 **************************************************************************
     freq (    1) =       0.167321 [THz] =       5.581226 [cm-1]
 ( -0.001577 -0.010260  0.001653  0.001946 -0.498774  0.015655 ) 
 ( -0.000913  0.011213  0.001521  0.001946 -0.499531  0.015676 ) 
 ( -0.001282 -0.020112  0.001779  0.001984 -0.499560 -0.000041 ) 
 ( -0.001292  0.021051  0.001265  0.001979 -0.500532  0.000000 ) 
     freq (    2) =       0.168794 [THz] =       5.630365 [cm-1]
 ( -0.002274  0.001768 -0.317378 -0.385608 -0.002497  0.000091 ) 
 ( -0.002275  0.001875 -0.317689 -0.385986 -0.002506  0.000084 ) 
 (  0.002886 -0.002378 -0.305485 -0.395876 -0.002496  0.000018 ) 
 (  0.002886 -0.002176 -0.305803 -0.396286 -0.002517  0.000000 ) 
     freq (    3) =       0.180765 [THz] =       6.029662 [cm-1]
 (  0.057518 -0.496246 -0.002785 -0.000284 -0.001111  0.001150 ) 
 (  0.057627 -0.496705 -0.002787 -0.000287 -0.000081  0.001271 ) 
 (  0.073096 -0.494495  0.003480  0.000554  0.007417  0.002382 ) 
 (  0.073269 -0.494952  0.003484  0.000552 -0.008697  0.000000 ) 
     freq (    4) =       1.102253 [THz] =      36.767210 [cm-1]
 (  0.000040 -0.001372  0.511634  0.001504  0.000114 -0.000002 ) 
 ( -0.000036  0.001369 -0.511112 -0.001503  0.000114 -0.000002 ) 
 ( -0.000111  0.004233  0.488288  0.016782  0.000055  0.000000 ) 
 (  0.000114 -0.004229 -0.487814 -0.016766  0.000055  0.000000 ) 
     freq (    5) =       1.104807 [THz] =      36.852385 [cm-1]
 (  0.015999  0.511332  0.001373 -0.000075 -0.010750  0.000341 ) 
 ( -0.015983 -0.510816 -0.001372  0.000079 -0.010770  0.000341 ) 
 ( -0.000067  0.488087 -0.004230 -0.000032 -0.020408  0.000003 ) 
 (  0.000067 -0.487608  0.004225  0.000035 -0.020430  0.000000 ) 
     freq (    6) =       2.997450 [THz] =      99.984168 [cm-1]
 (  0.000047  0.001466  0.000009 -0.000001 -0.339131  0.010658 ) 
 (  0.000044  0.001457  0.000010 -0.000000  0.338364 -0.010633 ) 
 ( -0.000001 -0.011727  0.000065 -0.000000 -0.620908 -0.000000 ) 
 ( -0.000001 -0.011709  0.000064  0.000000  0.620054  0.000000 ) 
     freq (    7) =       4.810025 [THz] =     160.445177 [cm-1]
 ( -0.012158 -0.386945 -0.006286  0.000308 -0.026907  0.000845 ) 
 (  0.012158  0.387035  0.006291 -0.000302 -0.026931  0.000848 ) 
 ( -0.000001  0.590382  0.002891 -0.000167  0.026890 -0.000001 ) 
 (  0.000005 -0.590454 -0.002896  0.000160  0.026922  0.000000 ) 
     freq (    8) =       4.810892 [THz] =     160.474071 [cm-1]
 ( -0.000954  0.006232 -0.384266 -0.052232  0.000073  0.000017 ) 
 (  0.000957 -0.006238  0.384880  0.052316  0.000073  0.000017 ) 
 (  0.000640 -0.002831  0.582446  0.097895  0.000044  0.000000 ) 
 ( -0.000642  0.002828 -0.583274 -0.098034  0.000043  0.000000 ) 
     freq (    9) =       4.923978 [THz] =     164.246234 [cm-1]
 ( -0.000140 -0.004335  0.401053 -0.013319  0.000064 -0.000002 ) 
 ( -0.000145 -0.004329  0.400497 -0.013300 -0.000064  0.000002 ) 
 ( -0.000008 -0.001073 -0.582846  0.001038 -0.000098  0.000000 ) 
 (  0.000000 -0.001073 -0.581939  0.001036  0.000097  0.000000 ) 
     freq (   10) =       5.645637 [THz] =     188.318163 [cm-1]
 (  0.000816  0.026014  0.000376 -0.000012 -0.399653  0.012559 ) 
 ( -0.000820 -0.026064 -0.000376  0.000012 -0.400497  0.012586 ) 
 (  0.000002 -0.028180 -0.000152  0.000000  0.581266  0.000000 ) 
 (  0.000001  0.028236  0.000152 -0.000000  0.582017  0.000000 ) 
     freq (   11) =       5.802439 [THz] =     193.548523 [cm-1]
 (  0.012546  0.400679  0.004458 -0.000140 -0.000338  0.000009 ) 
 (  0.012542  0.400630  0.004456 -0.000141  0.000292 -0.000010 ) 
 (  0.000066 -0.582415  0.001197  0.000001  0.012656  0.000004 ) 
 (  0.000071 -0.582296  0.001198  0.000003 -0.012588  0.000000 ) 
     freq (   12) =       6.455793 [THz] =     215.342071 [cm-1]
 (  0.000025  0.000792 -0.000041  0.000001  0.553893 -0.017406 ) 
 (  0.000026  0.000814 -0.000040  0.000001 -0.553045  0.017380 ) 
 ( -0.000000 -0.009152  0.000130 -0.000000 -0.440084 -0.000000 ) 
 ( -0.000001 -0.009169  0.000129 -0.000000  0.439200  0.000000 ) 
 **************************************************************************
