Dynamical matrix file
default                                                                    
  2    4   4   7.7271278   0.0000000   5.9661236   0.0000000   0.0000000   0.0000000
           1  'In  '    104650.205105250     
           2  'Se  '    71967.6374358595     
    1    1     -0.0000000050      0.5773502721      1.0573362323
    2    1     -0.0000000050      0.5773502721      1.7491692554
    3    2      0.5000000050      0.2886751317      0.7452704650
    4    2      0.5000000050      0.2886751317      2.0612350764

     Dynamical  Matrix in cartesian axes

     q = (    0.020000000   0.000000000   0.000000000 ) 

    1    1
  0.11353178   0.00000000    -0.00000023   0.00044864     0.00000020  -0.00213238
 -0.00000023  -0.00044864     0.09465636   0.00000000    -0.00008692   0.00000005
  0.00000020   0.00213238    -0.00008692  -0.00000005     0.21650379   0.00000000
    1    2
  0.01958765  -0.00000002     0.00000001   0.00043869     0.00000002  -0.00251387
  0.00000001  -0.00043869     0.00118871  -0.00000000    -0.00005794   0.00000006
  0.00000009  -0.00251394     0.00005793  -0.00000004    -0.09090147   0.00000001
    1    3
 -0.10883892   0.00684755     0.00014279   0.00226983     0.00039854   0.00633497
  0.00016485   0.00262044    -0.09026156   0.00567878     0.00014079  -0.00000884
  0.00017337   0.00275708     0.00009490  -0.00000601    -0.12237108   0.00769894
    1    4
 -0.02334990   0.00146906     0.00002103   0.00033444     0.00008369   0.00133052
  0.00004242   0.00067433    -0.00491323   0.00030912     0.00003574  -0.00000223
  0.00013659   0.00217228     0.00000994  -0.00000060    -0.00237072   0.00014922
    2    1
  0.01958765   0.00000002     0.00000001   0.00043869     0.00000009   0.00251394
  0.00000001  -0.00043869     0.00118871   0.00000000     0.00005793   0.00000004
  0.00000002   0.00251387    -0.00005794  -0.00000006    -0.09090147  -0.00000001
    2    2
  0.11352933   0.00000000     0.00000022   0.00044860     0.00000008   0.00213253
  0.00000022  -0.00044860     0.09465410   0.00000000     0.00008703   0.00000003
  0.00000008  -0.00213253     0.00008703  -0.00000003     0.21627896   0.00000000
    2    3
 -0.02335005   0.00146902     0.00002104   0.00033441    -0.00008371  -0.00133055
  0.00004242   0.00067433    -0.00491337   0.00030912    -0.00003574   0.00000226
 -0.00013671  -0.00217232    -0.00000993   0.00000059    -0.00237078   0.00014913
    2    4
 -0.10883902   0.00684755     0.00014278   0.00226986    -0.00039857  -0.00633496
  0.00016485   0.00262043    -0.09026148   0.00567877    -0.00014078   0.00000886
 -0.00017350  -0.00275689    -0.00009488   0.00000599    -0.12237214   0.00769906
    3    1
 -0.10883892  -0.00684755     0.00016485  -0.00262044     0.00017337  -0.00275708
  0.00014279  -0.00226983    -0.09026156  -0.00567878     0.00009490   0.00000601
  0.00039854  -0.00633497     0.00014079   0.00000884    -0.12237108  -0.00769894
    3    2
 -0.02335005  -0.00146902     0.00004242  -0.00067433    -0.00013671   0.00217232
  0.00002104  -0.00033441    -0.00491337  -0.00030912    -0.00000993  -0.00000059
 -0.00008371   0.00133055    -0.00003574  -0.00000226    -0.00237078  -0.00014913
    3    3
  0.11545250   0.00000000     0.00000021  -0.00009573     0.00000001  -0.00222512
  0.00000021   0.00009573     0.09666579   0.00000000    -0.00002099   0.00000006
  0.00000001   0.00222512    -0.00002099  -0.00000006     0.12534039   0.00000000
    3    4
  0.01740883  -0.00000002     0.00000002  -0.00009917     0.00000001  -0.00154503
  0.00000001   0.00009914    -0.00109657   0.00000000     0.00000797   0.00000001
  0.00000000  -0.00154509    -0.00000797   0.00000000    -0.00013424   0.00000002
    4    1
 -0.02334990  -0.00146906     0.00004242  -0.00067433     0.00013659  -0.00217228
  0.00002103  -0.00033444    -0.00491323  -0.00030912     0.00000994   0.00000060
  0.00008369  -0.00133052     0.00003574   0.00000223    -0.00237072  -0.00014922
    4    2
 -0.10883902  -0.00684755     0.00016485  -0.00262043    -0.00017350   0.00275689
  0.00014278  -0.00226986    -0.09026148  -0.00567877    -0.00009488  -0.00000599
 -0.00039857   0.00633496    -0.00014078  -0.00000886    -0.12237214  -0.00769906
    4    3
  0.01740883   0.00000002     0.00000001  -0.00009914     0.00000000   0.00154509
  0.00000002   0.00009917    -0.00109657  -0.00000000    -0.00000797  -0.00000000
  0.00000001   0.00154503     0.00000797  -0.00000001    -0.00013424  -0.00000002
    4    4
  0.11543595   0.00000000    -0.00000000  -0.00009574     0.00000028   0.00222489
 -0.00000000   0.00009574     0.09664903   0.00000000     0.00002103   0.00000004
  0.00000028  -0.00222489     0.00002103  -0.00000004     0.12527549   0.00000000

     Dynamical  Matrix in cartesian axes

     q = (   -0.020000000   0.000000000   0.000000000 ) 

    1    1
  0.11353178   0.00000000    -0.00000023  -0.00044864     0.00000020   0.00213238
 -0.00000023   0.00044864     0.09465636   0.00000000    -0.00008692  -0.00000005
  0.00000020  -0.00213238    -0.00008692   0.00000005     0.21650379   0.00000000
    1    2
  0.01958765   0.00000002     0.00000001  -0.00043869     0.00000002   0.00251387
  0.00000001   0.00043869     0.00118871   0.00000000    -0.00005794  -0.00000006
  0.00000009   0.00251394     0.00005793   0.00000004    -0.09090147  -0.00000001
    1    3
 -0.10883892  -0.00684755     0.00014279  -0.00226983     0.00039854  -0.00633497
  0.00016485  -0.00262044    -0.09026156  -0.00567878     0.00014079   0.00000884
  0.00017337  -0.00275708     0.00009490   0.00000601    -0.12237108  -0.00769894
    1    4
 -0.02334990  -0.00146906     0.00002103  -0.00033444     0.00008369  -0.00133052
  0.00004242  -0.00067433    -0.00491323  -0.00030912     0.00003574   0.00000223
  0.00013659  -0.00217228     0.00000994   0.00000060    -0.00237072  -0.00014922
    2    1
  0.01958765  -0.00000002     0.00000001  -0.00043869     0.00000009  -0.00251394
  0.00000001   0.00043869     0.00118871  -0.00000000     0.00005793  -0.00000004
  0.00000002  -0.00251387    -0.00005794   0.00000006    -0.09090147   0.00000001
    2    2
  0.11352933   0.00000000     0.00000022  -0.00044860     0.00000008  -0.00213253
  0.00000022   0.00044860     0.09465410   0.00000000     0.00008703  -0.00000003
  0.00000008   0.00213253     0.00008703   0.00000003     0.21627896   0.00000000
    2    3
 -0.02335005  -0.00146902     0.00002104  -0.00033441    -0.00008371   0.00133055
  0.00004242  -0.00067433    -0.00491337  -0.00030912    -0.00003574  -0.00000226
 -0.00013671   0.00217232    -0.00000993  -0.00000059    -0.00237078  -0.00014913
    2    4
 -0.10883902  -0.00684755     0.00014278  -0.00226986    -0.00039857   0.00633496
  0.00016485  -0.00262043    -0.09026148  -0.00567877    -0.00014078  -0.00000886
 -0.00017350   0.00275689    -0.00009488  -0.00000599    -0.12237214  -0.00769906
    3    1
 -0.10883892   0.00684755     0.00016485   0.00262044     0.00017337   0.00275708
  0.00014279   0.00226983    -0.09026156   0.00567878     0.00009490  -0.00000601
  0.00039854   0.00633497     0.00014079  -0.00000884    -0.12237108   0.00769894
    3    2
 -0.02335005   0.00146902     0.00004242   0.00067433    -0.00013671  -0.00217232
  0.00002104   0.00033441    -0.00491337   0.00030912    -0.00000993   0.00000059
 -0.00008371  -0.00133055    -0.00003574   0.00000226    -0.00237078   0.00014913
    3    3
  0.11545250   0.00000000     0.00000021   0.00009573     0.00000001   0.00222512
  0.00000021  -0.00009573     0.09666579   0.00000000    -0.00002099  -0.00000006
  0.00000001  -0.00222512    -0.00002099   0.00000006     0.12534039   0.00000000
    3    4
  0.01740883   0.00000002     0.00000002   0.00009917     0.00000001   0.00154503
  0.00000001  -0.00009914    -0.00109657  -0.00000000     0.00000797  -0.00000001
  0.00000000   0.00154509    -0.00000797  -0.00000000    -0.00013424  -0.00000002
    4    1
 -0.02334990   0.00146906     0.00004242   0.00067433     0.00013659   0.00217228
  0.00002103   0.00033444    -0.00491323   0.00030912     0.00000994  -0.00000060
  0.00008369   0.00133052     0.00003574  -0.00000223    -0.00237072   0.00014922
    4    2
 -0.10883902   0.00684755     0.00016485   0.00262043    -0.00017350  -0.00275689
  0.00014278   0.00226986    -0.09026148   0.00567877    -0.00009488   0.00000599
 -0.00039857  -0.00633496    -0.00014078   0.00000886    -0.12237214   0.00769906
    4    3
  0.01740883  -0.00000002     0.00000001   0.00009914     0.00000000  -0.00154509
  0.00000002  -0.00009917    -0.00109657   0.00000000    -0.00000797   0.00000000
  0.00000001  -0.00154503     0.00000797   0.00000001    -0.00013424   0.00000002
    4    4
  0.11543595   0.00000000    -0.00000000   0.00009574     0.00000028  -0.00222489
 -0.00000000  -0.00009574     0.09664903   0.00000000     0.00002103  -0.00000004
  0.00000028   0.00222489     0.00002103   0.00000004     0.12527549   0.00000000

     Effective Charges U-E: Z_{s,alpha}{beta}

     atom #    1
     -0.308554894436E-08     -0.115264826359E-01      0.000000000000E+00      0.000000000000E+00      0.000000000000E+00      0.000000000000E+00
      0.274045444675E-03     -0.851706973843E-09      0.000000000000E+00      0.000000000000E+00      0.000000000000E+00      0.000000000000E+00
      0.305669865331E-03     -0.512955756675E-07      0.000000000000E+00      0.000000000000E+00      0.000000000000E+00      0.000000000000E+00
     atom #    2
     -0.205369089441E-07     -0.115264997441E-01      0.000000000000E+00      0.000000000000E+00      0.000000000000E+00      0.000000000000E+00
      0.274037464890E-03     -0.579348131148E-08      0.000000000000E+00      0.000000000000E+00      0.000000000000E+00      0.000000000000E+00
     -0.305605411217E-03     -0.312012046612E-07      0.000000000000E+00      0.000000000000E+00      0.000000000000E+00      0.000000000000E+00
     atom #    3
     -0.428476154991E-08      0.114559935695E-01      0.000000000000E+00      0.000000000000E+00      0.000000000000E+00      0.000000000000E+00
      0.607739329677E-04      0.553627591330E-09      0.000000000000E+00      0.000000000000E+00      0.000000000000E+00      0.000000000000E+00
      0.946010318137E-05      0.334163337030E-09      0.000000000000E+00      0.000000000000E+00      0.000000000000E+00      0.000000000000E+00
     atom #    4
      0.112893186709E-07      0.114559677370E-01      0.000000000000E+00      0.000000000000E+00      0.000000000000E+00      0.000000000000E+00
      0.607920054261E-04      0.947848664573E-08      0.000000000000E+00      0.000000000000E+00      0.000000000000E+00      0.000000000000E+00
     -0.939751017423E-05      0.743526847758E-08      0.000000000000E+00      0.000000000000E+00      0.000000000000E+00      0.000000000000E+00

     Diagonalizing the dynamical matrix

     q = (    0.020000000   0.000000000   0.000000000 ) 

 **************************************************************************
     freq (    1) =       0.167687 [THz] =       5.593451 [cm-1]
 ( -0.001076 -0.021101  0.000541  0.000653 -0.497625  0.031317 ) 
 (  0.001555  0.020609  0.000065  0.000678 -0.498376  0.031364 ) 
 (  0.000232 -0.040704  0.001261  0.000693 -0.498432  0.000017 ) 
 (  0.000240  0.040295 -0.000728  0.000688 -0.499433  0.000000 ) 
     freq (    2) =       0.189578 [THz] =       6.323632 [cm-1]
 ( -0.006708  0.003139 -0.206111 -0.455000 -0.000725  0.000061 ) 
 ( -0.006706  0.003210 -0.206304 -0.455425 -0.000743  0.000025 ) 
 (  0.005431 -0.001989 -0.177284 -0.467433 -0.000740 -0.000006 ) 
 (  0.005438 -0.001866 -0.177462 -0.467894 -0.000730  0.000000 ) 
     freq (    3) =       0.229353 [THz] =       7.650376 [cm-1]
 (  0.038878  0.498100  0.007199 -0.000434  0.000822  0.000181 ) 
 (  0.038938  0.498590  0.007204 -0.000441 -0.001213  0.000340 ) 
 (  0.007511  0.499463 -0.005452  0.000209 -0.016544  0.000494 ) 
 (  0.007560  0.499998 -0.005458  0.000205  0.016145  0.000000 ) 
     freq (    4) =       1.105854 [THz] =      36.887315 [cm-1]
 ( -0.000153 -0.003149  0.511546 -0.014678  0.000441 -0.000018 ) 
 (  0.000147  0.003145 -0.511048  0.014664  0.000442 -0.000018 ) 
 ( -0.000337  0.008084  0.488084  0.016671  0.000220  0.000000 ) 
 (  0.000329 -0.008076 -0.487635 -0.016656  0.000222  0.000000 ) 
     freq (    5) =       1.116009 [THz] =      37.226051 [cm-1]
 (  0.032143  0.510560  0.003176 -0.000143 -0.020821  0.001307 ) 
 ( -0.032112 -0.510060 -0.003172  0.000136 -0.020865  0.001311 ) 
 (  0.000019  0.486465 -0.008055  0.000053 -0.040227 -0.000002 ) 
 ( -0.000019 -0.485996  0.008047 -0.000061 -0.040276  0.000000 ) 
     freq (    6) =       2.996697 [THz] =      99.959066 [cm-1]
 (  0.000180  0.002875  0.000039 -0.000003 -0.338505  0.021298 ) 
 (  0.000181  0.002849  0.000040 -0.000002  0.337737 -0.021248 ) 
 ( -0.000000 -0.023465  0.000261  0.000000 -0.620639  0.000001 ) 
 (  0.000000 -0.023432  0.000261 -0.000000  0.619786  0.000000 ) 
     freq (    7) =       4.807450 [THz] =     160.359283 [cm-1]
 ( -0.024114 -0.383312 -0.012481  0.000894 -0.053462  0.003364 ) 
 (  0.024119  0.383393  0.012492 -0.000893 -0.053508  0.003365 ) 
 (  0.000001  0.588635  0.005759 -0.000164  0.053516  0.000000 ) 
 ( -0.000000 -0.588701 -0.005771  0.000163  0.053582  0.000000 ) 
     freq (    8) =       4.810873 [THz] =     160.473462 [cm-1]
 ( -0.000387  0.012603 -0.387398 -0.008635  0.000299  0.000021 ) 
 (  0.000388 -0.012617  0.388011  0.008648  0.000298  0.000022 ) 
 (  0.000655 -0.005753  0.588560  0.050222  0.000176 -0.000000 ) 
 ( -0.000654  0.005750 -0.589390 -0.050292  0.000176  0.000000 ) 
     freq (    9) =       4.923945 [THz] =     164.245129 [cm-1]
 ( -0.000534 -0.008664  0.400317 -0.024658  0.000257 -0.000016 ) 
 ( -0.000534 -0.008655  0.399767 -0.024624 -0.000257  0.000016 ) 
 (  0.000002 -0.002170 -0.582925 -0.000765 -0.000388 -0.000001 ) 
 (  0.000005 -0.002166 -0.582027 -0.000764  0.000388  0.000000 ) 
     freq (   10) =       5.645955 [THz] =     188.328786 [cm-1]
 (  0.003259  0.051687  0.001495 -0.000095 -0.396439  0.024942 ) 
 ( -0.003251 -0.051780 -0.001498  0.000094 -0.397281  0.024996 ) 
 ( -0.000011 -0.056088 -0.000606  0.000000  0.579313 -0.000001 ) 
 ( -0.000009  0.056185  0.000608  0.000001  0.580062  0.000000 ) 
     freq (   11) =       5.805393 [THz] =     193.647078 [cm-1]
 (  0.025323  0.399880  0.008900 -0.000564 -0.000786  0.000057 ) 
 (  0.025318  0.399828  0.008899 -0.000563  0.000707 -0.000038 ) 
 ( -0.000238 -0.582080  0.002394 -0.000002  0.025358 -0.000020 ) 
 ( -0.000236 -0.581964  0.002394 -0.000002 -0.025231  0.000000 ) 
     freq (   12) =       6.454402 [THz] =     215.295665 [cm-1]
 (  0.000105  0.001654 -0.000161  0.000010  0.553174 -0.034802 ) 
 (  0.000107  0.001698 -0.000160  0.000010 -0.552330  0.034750 ) 
 ( -0.000000 -0.018426  0.000520 -0.000000 -0.439660 -0.000001 ) 
 (  0.000001 -0.018461  0.000519  0.000000  0.438776  0.000000 ) 
 **************************************************************************
