Dynamical matrix file
default                                                                    
  2    4   4   7.7271278   0.0000000   5.9661236   0.0000000   0.0000000   0.0000000
           1  'In  '    104650.205105250     
           2  'Se  '    71967.6374358595     
    1    1     -0.0000000050      0.5773502721      1.0573362323
    2    1     -0.0000000050      0.5773502721      1.7491692554
    3    2      0.5000000050      0.2886751317      0.7452704650
    4    2      0.5000000050      0.2886751317      2.0612350764

     Dynamical  Matrix in cartesian axes

     q = (    0.000000000   0.010000000   0.000000000 ) 

    1    1
  0.09465721   0.00000000    -0.00000014  -0.00000007    -0.00000016   0.00000008
 -0.00000014   0.00000007     0.11327973   0.00000000     0.00002182  -0.00107300
 -0.00000016  -0.00000008     0.00002182   0.00107300     0.21673142   0.00000000
    1    2
  0.00117851  -0.00000000     0.00000001  -0.00000006     0.00000008  -0.00000004
 -0.00000005  -0.00000002     0.01968022  -0.00000000     0.00001439  -0.00126312
 -0.00000006  -0.00000009    -0.00001456  -0.00126286    -0.09074626  -0.00000003
    1    3
 -0.09050757  -0.00055261    -0.00000002   0.00000005    -0.00000003   0.00000002
  0.00000000  -0.00000015    -0.10901661  -0.00333688    -0.00009245   0.00317866
  0.00000000   0.00000003    -0.00004879   0.00137443    -0.12286051  -0.00222837
    1    4
 -0.00492784   0.00002846    -0.00000001   0.00000006     0.00000004  -0.00000002
 -0.00000006   0.00000006    -0.02343602  -0.00081317    -0.00002172   0.00067219
  0.00000004  -0.00000002    -0.00002233   0.00109309    -0.00249387  -0.00004523
    2    1
  0.00117851   0.00000000    -0.00000005   0.00000002    -0.00000006   0.00000009
  0.00000001   0.00000006     0.01968022   0.00000000    -0.00001456   0.00126286
  0.00000008   0.00000004     0.00001439   0.00126312    -0.09074626   0.00000003
    2    2
  0.09465506   0.00000000     0.00000005  -0.00000000     0.00000009   0.00000000
  0.00000005   0.00000000     0.11327702   0.00000000    -0.00002187   0.00107286
  0.00000009  -0.00000000    -0.00002187  -0.00107286     0.21650602   0.00000000
    2    3
 -0.00492792   0.00002846     0.00000005  -0.00000001    -0.00000002   0.00000004
  0.00000000  -0.00000015    -0.02343625  -0.00081306     0.00002184  -0.00067228
 -0.00000001   0.00000002     0.00002247  -0.00109329    -0.00249413  -0.00004521
    2    4
 -0.09050771  -0.00055259     0.00000003  -0.00000002     0.00000005  -0.00000001
 -0.00000007   0.00000006    -0.10901642  -0.00333699     0.00009259  -0.00317871
  0.00000004  -0.00000003     0.00004892  -0.00137456    -0.12286177  -0.00222842
    3    1
 -0.09050757   0.00055261     0.00000000   0.00000015     0.00000000  -0.00000003
 -0.00000002  -0.00000005    -0.10901661   0.00333688    -0.00004879  -0.00137443
 -0.00000003  -0.00000002    -0.00009245  -0.00317866    -0.12286051   0.00222837
    3    2
 -0.00492792  -0.00002846     0.00000000   0.00000015    -0.00000001  -0.00000002
  0.00000005   0.00000001    -0.02343625   0.00081306     0.00002247   0.00109329
 -0.00000002  -0.00000004     0.00002184   0.00067228    -0.00249413   0.00004521
    3    3
  0.09660818   0.00000000    -0.00000014  -0.00000023     0.00000011   0.00000001
 -0.00000014   0.00000023     0.11521642   0.00000000     0.00000454  -0.00111838
  0.00000011  -0.00000001     0.00000454   0.00111838     0.12548604   0.00000000
    3    4
 -0.00109479   0.00000000     0.00000000  -0.00000015    -0.00000001  -0.00000001
  0.00000005  -0.00000007     0.01744214   0.00000011    -0.00000151  -0.00077754
  0.00000001  -0.00000000     0.00000138  -0.00077760    -0.00005888   0.00000001
    4    1
 -0.00492784  -0.00002846    -0.00000006  -0.00000006     0.00000004   0.00000002
 -0.00000001  -0.00000006    -0.02343602   0.00081317    -0.00002233  -0.00109309
  0.00000004   0.00000002    -0.00002172  -0.00067219    -0.00249387   0.00004523
    4    2
 -0.09050771   0.00055259    -0.00000007  -0.00000006     0.00000004   0.00000003
  0.00000003   0.00000002    -0.10901642   0.00333699     0.00004892   0.00137456
  0.00000005   0.00000001     0.00009259   0.00317871    -0.12286177   0.00222842
    4    3
 -0.00109479  -0.00000000     0.00000005   0.00000007     0.00000001   0.00000000
  0.00000000   0.00000015     0.01744214  -0.00000011     0.00000138   0.00077760
 -0.00000001   0.00000001    -0.00000151   0.00077754    -0.00005888  -0.00000001
    4    4
  0.09659145   0.00000000     0.00000009   0.00000005    -0.00000009  -0.00000001
  0.00000009  -0.00000005     0.11519894   0.00000000    -0.00000470   0.00111819
 -0.00000009   0.00000001    -0.00000470  -0.00111819     0.12542136   0.00000000

     Dynamical  Matrix in cartesian axes

     q = (    0.000000000  -0.010000000   0.000000000 ) 

    1    1
  0.09465721   0.00000000    -0.00000014   0.00000007    -0.00000016  -0.00000008
 -0.00000014  -0.00000007     0.11327973   0.00000000     0.00002182   0.00107300
 -0.00000016   0.00000008     0.00002182  -0.00107300     0.21673142   0.00000000
    1    2
  0.00117851   0.00000000     0.00000001   0.00000006     0.00000008   0.00000004
 -0.00000005   0.00000002     0.01968022   0.00000000     0.00001439   0.00126312
 -0.00000006   0.00000009    -0.00001456   0.00126286    -0.09074626   0.00000003
    1    3
 -0.09050757   0.00055261    -0.00000002  -0.00000005    -0.00000003  -0.00000002
  0.00000000   0.00000015    -0.10901661   0.00333688    -0.00009245  -0.00317866
  0.00000000  -0.00000003    -0.00004879  -0.00137443    -0.12286051   0.00222837
    1    4
 -0.00492784  -0.00002846    -0.00000001  -0.00000006     0.00000004   0.00000002
 -0.00000006  -0.00000006    -0.02343602   0.00081317    -0.00002172  -0.00067219
  0.00000004   0.00000002    -0.00002233  -0.00109309    -0.00249387   0.00004523
    2    1
  0.00117851  -0.00000000    -0.00000005  -0.00000002    -0.00000006  -0.00000009
  0.00000001  -0.00000006     0.01968022  -0.00000000    -0.00001456  -0.00126286
  0.00000008  -0.00000004     0.00001439  -0.00126312    -0.09074626  -0.00000003
    2    2
  0.09465506   0.00000000     0.00000005   0.00000000     0.00000009  -0.00000000
  0.00000005  -0.00000000     0.11327702   0.00000000    -0.00002187  -0.00107286
  0.00000009   0.00000000    -0.00002187   0.00107286     0.21650602   0.00000000
    2    3
 -0.00492792  -0.00002846     0.00000005   0.00000001    -0.00000002  -0.00000004
  0.00000000   0.00000015    -0.02343625   0.00081306     0.00002184   0.00067228
 -0.00000001  -0.00000002     0.00002247   0.00109329    -0.00249413   0.00004521
    2    4
 -0.09050771   0.00055259     0.00000003   0.00000002     0.00000005   0.00000001
 -0.00000007  -0.00000006    -0.10901642   0.00333699     0.00009259   0.00317871
  0.00000004   0.00000003     0.00004892   0.00137456    -0.12286177   0.00222842
    3    1
 -0.09050757  -0.00055261     0.00000000  -0.00000015     0.00000000   0.00000003
 -0.00000002   0.00000005    -0.10901661  -0.00333688    -0.00004879   0.00137443
 -0.00000003   0.00000002    -0.00009245   0.00317866    -0.12286051  -0.00222837
    3    2
 -0.00492792   0.00002846     0.00000000  -0.00000015    -0.00000001   0.00000002
  0.00000005  -0.00000001    -0.02343625  -0.00081306     0.00002247  -0.00109329
 -0.00000002   0.00000004     0.00002184  -0.00067228    -0.00249413  -0.00004521
    3    3
  0.09660818   0.00000000    -0.00000014   0.00000023     0.00000011  -0.00000001
 -0.00000014  -0.00000023     0.11521642   0.00000000     0.00000454   0.00111838
  0.00000011   0.00000001     0.00000454  -0.00111838     0.12548604   0.00000000
    3    4
 -0.00109479  -0.00000000     0.00000000   0.00000015    -0.00000001   0.00000001
  0.00000005   0.00000007     0.01744214  -0.00000011    -0.00000151   0.00077754
  0.00000001   0.00000000     0.00000138   0.00077760    -0.00005888  -0.00000001
    4    1
 -0.00492784   0.00002846    -0.00000006   0.00000006     0.00000004  -0.00000002
 -0.00000001   0.00000006    -0.02343602  -0.00081317    -0.00002233   0.00109309
  0.00000004  -0.00000002    -0.00002172   0.00067219    -0.00249387  -0.00004523
    4    2
 -0.09050771  -0.00055259    -0.00000007   0.00000006     0.00000004  -0.00000003
  0.00000003  -0.00000002    -0.10901642  -0.00333699     0.00004892  -0.00137456
  0.00000005  -0.00000001     0.00009259  -0.00317871    -0.12286177  -0.00222842
    4    3
 -0.00109479   0.00000000     0.00000005  -0.00000007     0.00000001  -0.00000000
  0.00000000  -0.00000015     0.01744214   0.00000011     0.00000138  -0.00077760
 -0.00000001  -0.00000001    -0.00000151  -0.00077754    -0.00005888   0.00000001
    4    4
  0.09659145   0.00000000     0.00000009  -0.00000005    -0.00000009   0.00000001
  0.00000009   0.00000005     0.11519894   0.00000000    -0.00000470  -0.00111819
 -0.00000009  -0.00000001    -0.00000470   0.00111819     0.12542136   0.00000000

     Effective Charges U-E: Z_{s,alpha}{beta}

     atom #    1
      0.203743613927E-07     -0.482998356438E-08      0.000000000000E+00      0.000000000000E+00      0.000000000000E+00      0.000000000000E+00
     -0.691420040695E-04     -0.579513236769E-02      0.000000000000E+00      0.000000000000E+00      0.000000000000E+00      0.000000000000E+00
      0.771857915042E-04     -0.540609708708E-08      0.000000000000E+00      0.000000000000E+00      0.000000000000E+00      0.000000000000E+00
     atom #    2
     -0.445109179643E-08      0.193542682947E-07      0.000000000000E+00      0.000000000000E+00      0.000000000000E+00      0.000000000000E+00
     -0.691438954013E-04     -0.579512092115E-02      0.000000000000E+00      0.000000000000E+00      0.000000000000E+00      0.000000000000E+00
     -0.772345771585E-04      0.541731119398E-07      0.000000000000E+00      0.000000000000E+00      0.000000000000E+00      0.000000000000E+00
     atom #    3
     -0.492103704636E-07      0.158234384825E-08      0.000000000000E+00      0.000000000000E+00      0.000000000000E+00      0.000000000000E+00
     -0.152359733641E-04      0.578840532043E-02      0.000000000000E+00      0.000000000000E+00      0.000000000000E+00      0.000000000000E+00
      0.227410755180E-05     -0.186124802438E-06      0.000000000000E+00      0.000000000000E+00      0.000000000000E+00      0.000000000000E+00
     atom #    4
      0.199736684653E-07      0.171394789018E-07      0.000000000000E+00      0.000000000000E+00      0.000000000000E+00      0.000000000000E+00
     -0.152732998338E-04      0.578832889295E-02      0.000000000000E+00      0.000000000000E+00      0.000000000000E+00      0.000000000000E+00
     -0.228071095935E-05      0.145017546759E-06      0.000000000000E+00      0.000000000000E+00      0.000000000000E+00      0.000000000000E+00

     Diagonalizing the dynamical matrix

     q = (    0.000000000   0.010000000   0.000000000 ) 

 **************************************************************************
     freq (    1) =       0.167583 [THz] =       5.589967 [cm-1]
 (  0.003036  0.005466  0.000241 -0.011961 -0.498905 -0.009046 ) 
 (  0.003040  0.005476 -0.000015  0.009511 -0.499660 -0.009060 ) 
 (  0.003070  0.005456 -0.000184 -0.021794 -0.499500  0.000002 ) 
 (  0.003074  0.005466  0.000333  0.019358 -0.500529  0.000000 ) 
     freq (    2) =       0.168911 [THz] =       5.634255 [cm-1]
 ( -0.241761 -0.436986 -0.000666 -0.000564 -0.006249 -0.000125 ) 
 ( -0.241990 -0.437400 -0.000664 -0.000287 -0.006258 -0.000125 ) 
 ( -0.244462 -0.436196 -0.000684 -0.000666 -0.006249 -0.000023 ) 
 ( -0.244707 -0.436633 -0.000673 -0.000143 -0.006276  0.000000 ) 
     freq (    3) =       0.181128 [THz] =       6.041781 [cm-1]
 (  0.000393 -0.000670 -0.007472  0.499480 -0.000707  0.000073 ) 
 (  0.000396 -0.000681 -0.007476  0.500024 -0.001745  0.000054 ) 
 (  0.000390 -0.000673  0.008178  0.499745 -0.009363  0.000172 ) 
 (  0.000392 -0.000684  0.008194  0.500364  0.006922  0.000000 ) 
     freq (    4) =       1.102271 [THz] =      36.767801 [cm-1]
 (  0.256815 -0.442505 -0.000038 -0.000617  0.000015  0.000001 ) 
 ( -0.256561  0.442067  0.000035  0.000627  0.000015  0.000001 ) 
 (  0.242374 -0.424231 -0.000054 -0.000588  0.000026  0.000000 ) 
 ( -0.242147  0.423834  0.000050  0.000597  0.000027  0.000000 ) 
     freq (    5) =       1.104864 [THz] =      36.854312 [cm-1]
 (  0.000354 -0.000519 -0.009288  0.511498 -0.010748 -0.000280 ) 
 ( -0.000352  0.000508  0.009278 -0.510980 -0.010770 -0.000280 ) 
 (  0.000335 -0.000498  0.005532  0.488078 -0.020403 -0.000000 ) 
 ( -0.000333  0.000487 -0.005527 -0.487595 -0.020428  0.000000 ) 
     freq (    6) =       2.997453 [THz] =      99.984261 [cm-1]
 ( -0.000000 -0.000000 -0.000039  0.001468 -0.339243 -0.006154 ) 
 ( -0.000000 -0.000000 -0.000039  0.001455  0.338473  0.006140 ) 
 (  0.000001 -0.000001 -0.000060 -0.011726 -0.620909 -0.000000 ) 
 (  0.000001 -0.000001 -0.000059 -0.011709  0.620055  0.000000 ) 
     freq (    7) =       4.810035 [THz] =     160.445500 [cm-1]
 (  0.000223 -0.000205  0.013931 -0.386940 -0.026915 -0.000606 ) 
 ( -0.000221  0.000195 -0.013934  0.387028 -0.026937 -0.000607 ) 
 ( -0.000337  0.000314 -0.003835  0.590375  0.026890 -0.000001 ) 
 (  0.000335 -0.000300  0.003834 -0.590446  0.026923  0.000000 ) 
     freq (    8) =       4.810890 [THz] =     160.474006 [cm-1]
 ( -0.279893  0.268508  0.000002 -0.000296 -0.000020 -0.000000 ) 
 (  0.280326 -0.268924 -0.000001  0.000300 -0.000020 -0.000000 ) 
 (  0.423434 -0.411768  0.000010  0.000452  0.000021 -0.000000 ) 
 ( -0.424017  0.412335 -0.000012 -0.000457  0.000020  0.000000 ) 
     freq (    9) =       4.923983 [THz] =     164.246400 [cm-1]
 ( -0.369760 -0.155922  0.000004  0.000002  0.000000 -0.000000 ) 
 ( -0.369264 -0.155712 -0.000005 -0.000000 -0.000000 -0.000001 ) 
 (  0.538273  0.223508 -0.000007 -0.000003  0.000001  0.000002 ) 
 (  0.537461  0.223171  0.000008  0.000000 -0.000001  0.000000 ) 
     freq (   10) =       5.645643 [THz] =     188.318390 [cm-1]
 ( -0.000000 -0.000000 -0.000856  0.026012 -0.399785 -0.007247 ) 
 (  0.000000 -0.000000  0.000841 -0.026070 -0.400631 -0.007263 ) 
 (  0.000001  0.000000  0.000163 -0.028176  0.581266  0.000001 ) 
 ( -0.000001 -0.000000 -0.000140  0.028240  0.582015  0.000000 ) 
     freq (   11) =       5.802450 [THz] =     193.548885 [cm-1]
 (  0.000002 -0.000001 -0.007069  0.400839 -0.000340 -0.000164 ) 
 ( -0.000000  0.000000 -0.007067  0.400790  0.000288  0.000147 ) 
 ( -0.000004  0.000001 -0.007974 -0.582359  0.012662  0.000023 ) 
 (  0.000001 -0.000001 -0.007975 -0.582243 -0.012583  0.000000 ) 
     freq (   12) =       6.455803 [THz] =     215.342408 [cm-1]
 ( -0.000000  0.000000  0.000096  0.000795  0.554076  0.010046 ) 
 ( -0.000000  0.000000  0.000095  0.000817 -0.553228 -0.010031 ) 
 ( -0.000000 -0.000000 -0.000231 -0.009151 -0.440082 -0.000000 ) 
 ( -0.000000 -0.000000 -0.000231 -0.009169  0.439198  0.000000 ) 
 **************************************************************************
