Dynamical matrix file
default                                                                    
  2    4   4   7.7271278   0.0000000   5.9661236   0.0000000   0.0000000   0.0000000
           1  'In  '    104650.205105250     
           2  'Se  '    71967.6374358595     
    1    1     -0.0000000050      0.5773502721      1.0573362323
    2    1     -0.0000000050      0.5773502721      1.7491692554
    3    2      0.5000000050      0.2886751317      0.7452704650
    4    2      0.5000000050      0.2886751317      2.0612350764

     Dynamical  Matrix in cartesian axes

     q = (    0.000000000   0.020000000   0.000000000 ) 

    1    1
  0.09464690   0.00000000    -0.00000018  -0.00000003    -0.00000001  -0.00000002
 -0.00000018   0.00000003     0.11354300   0.00000000     0.00008726  -0.00213242
 -0.00000001   0.00000002     0.00008726   0.00213242     0.21650487   0.00000000
    1    2
  0.00117843  -0.00000000    -0.00000001   0.00000001    -0.00000000   0.00000002
  0.00000001   0.00000001     0.01959807   0.00000003     0.00005759  -0.00251393
 -0.00000001   0.00000004    -0.00005763  -0.00251373    -0.09090154   0.00000012
    1    3
 -0.09046209  -0.00110153    -0.00000001  -0.00000001     0.00000001  -0.00000002
  0.00000001  -0.00000001    -0.10888126  -0.00667318    -0.00036928   0.00633834
 -0.00000001  -0.00000005    -0.00019583   0.00275704    -0.12253237  -0.00444426
    1    4
 -0.00493115   0.00005678    -0.00000000  -0.00000002    -0.00000001   0.00000001
 -0.00000003   0.00000003    -0.02335017  -0.00162322    -0.00008627   0.00133079
  0.00000001   0.00000003    -0.00008925   0.00217479    -0.00237385  -0.00008594
    2    1
  0.00117843   0.00000000     0.00000001  -0.00000001    -0.00000001  -0.00000004
 -0.00000001  -0.00000001     0.01959807  -0.00000003    -0.00005763   0.00251373
 -0.00000000  -0.00000002     0.00005759   0.00251393    -0.09090154  -0.00000012
    2    2
  0.09464412   0.00000000    -0.00000004  -0.00000004    -0.00000027   0.00000003
 -0.00000004   0.00000004     0.11354055   0.00000000    -0.00008749   0.00213256
 -0.00000027  -0.00000003    -0.00008749  -0.00213256     0.21627970   0.00000000
    2    3
 -0.00493124   0.00005678    -0.00000002   0.00000001     0.00000000  -0.00000002
  0.00000002  -0.00000001    -0.02335019  -0.00162312     0.00008616  -0.00133090
  0.00000001   0.00000000     0.00008920  -0.00217483    -0.00237407  -0.00008593
    2    4
 -0.09046222  -0.00110153    -0.00000003   0.00000001    -0.00000001   0.00000001
 -0.00000005   0.00000003    -0.10888137  -0.00667324     0.00036919  -0.00633831
  0.00000003   0.00000005     0.00019582  -0.00275721    -0.12253356  -0.00444428
    3    1
 -0.09046209   0.00110153     0.00000001   0.00000001    -0.00000001   0.00000005
 -0.00000001   0.00000001    -0.10888126   0.00667318    -0.00019583  -0.00275704
  0.00000001   0.00000002    -0.00036928  -0.00633834    -0.12253237   0.00444426
    3    2
 -0.00493124  -0.00005678     0.00000002   0.00000001     0.00000001  -0.00000000
 -0.00000002  -0.00000001    -0.02335019   0.00162312     0.00008920   0.00217483
  0.00000000   0.00000002     0.00008616   0.00133090    -0.00237407   0.00008593
    3    3
  0.09666497   0.00000000     0.00000004  -0.00000004     0.00000023   0.00000005
  0.00000004   0.00000004     0.11545314   0.00000000     0.00001923  -0.00222498
  0.00000023  -0.00000005     0.00001923   0.00222498     0.12534036   0.00000000
    3    4
 -0.00109701   0.00000000    -0.00000001  -0.00000001     0.00000000  -0.00000000
  0.00000004  -0.00000003     0.01740917   0.00000008    -0.00000587  -0.00154500
 -0.00000000   0.00000000     0.00000597  -0.00154505    -0.00013423  -0.00000003
    4    1
 -0.00493115  -0.00005678    -0.00000003  -0.00000003     0.00000001  -0.00000003
 -0.00000000   0.00000002    -0.02335017   0.00162322    -0.00008925  -0.00217479
 -0.00000001  -0.00000001    -0.00008627  -0.00133079    -0.00237385   0.00008594
    4    2
 -0.09046222   0.00110153    -0.00000005  -0.00000003     0.00000003  -0.00000005
 -0.00000003  -0.00000001    -0.10888137   0.00667324     0.00019582   0.00275721
 -0.00000001  -0.00000001     0.00036919   0.00633831    -0.12253356   0.00444428
    4    3
 -0.00109701  -0.00000000     0.00000004   0.00000003    -0.00000000  -0.00000000
 -0.00000001   0.00000001     0.01740917  -0.00000008     0.00000597   0.00154505
  0.00000000   0.00000000    -0.00000587   0.00154500    -0.00013423   0.00000003
    4    4
  0.09664844   0.00000000     0.00000008   0.00000005    -0.00000001   0.00000001
  0.00000008  -0.00000005     0.11543634   0.00000000    -0.00001875   0.00222501
 -0.00000001  -0.00000001    -0.00001875  -0.00222501     0.12527553   0.00000000

     Dynamical  Matrix in cartesian axes

     q = (    0.000000000  -0.020000000   0.000000000 ) 

    1    1
  0.09464690   0.00000000    -0.00000018   0.00000003    -0.00000001   0.00000002
 -0.00000018  -0.00000003     0.11354300   0.00000000     0.00008726   0.00213242
 -0.00000001  -0.00000002     0.00008726  -0.00213242     0.21650487   0.00000000
    1    2
  0.00117843   0.00000000    -0.00000001  -0.00000001    -0.00000000  -0.00000002
  0.00000001  -0.00000001     0.01959807  -0.00000003     0.00005759   0.00251393
 -0.00000001  -0.00000004    -0.00005763   0.00251373    -0.09090154  -0.00000012
    1    3
 -0.09046209   0.00110153    -0.00000001   0.00000001     0.00000001   0.00000002
  0.00000001   0.00000001    -0.10888126   0.00667318    -0.00036928  -0.00633834
 -0.00000001   0.00000005    -0.00019583  -0.00275704    -0.12253237   0.00444426
    1    4
 -0.00493115  -0.00005678    -0.00000000   0.00000002    -0.00000001  -0.00000001
 -0.00000003  -0.00000003    -0.02335017   0.00162322    -0.00008627  -0.00133079
  0.00000001  -0.00000003    -0.00008925  -0.00217479    -0.00237385   0.00008594
    2    1
  0.00117843  -0.00000000     0.00000001   0.00000001    -0.00000001   0.00000004
 -0.00000001   0.00000001     0.01959807   0.00000003    -0.00005763  -0.00251373
 -0.00000000   0.00000002     0.00005759  -0.00251393    -0.09090154   0.00000012
    2    2
  0.09464412   0.00000000    -0.00000004   0.00000004    -0.00000027  -0.00000003
 -0.00000004  -0.00000004     0.11354055   0.00000000    -0.00008749  -0.00213256
 -0.00000027   0.00000003    -0.00008749   0.00213256     0.21627970   0.00000000
    2    3
 -0.00493124  -0.00005678    -0.00000002  -0.00000001     0.00000000   0.00000002
  0.00000002   0.00000001    -0.02335019   0.00162312     0.00008616   0.00133090
  0.00000001  -0.00000000     0.00008920   0.00217483    -0.00237407   0.00008593
    2    4
 -0.09046222   0.00110153    -0.00000003  -0.00000001    -0.00000001  -0.00000001
 -0.00000005  -0.00000003    -0.10888137   0.00667324     0.00036919   0.00633831
  0.00000003  -0.00000005     0.00019582   0.00275721    -0.12253356   0.00444428
    3    1
 -0.09046209  -0.00110153     0.00000001  -0.00000001    -0.00000001  -0.00000005
 -0.00000001  -0.00000001    -0.10888126  -0.00667318    -0.00019583   0.00275704
  0.00000001  -0.00000002    -0.00036928   0.00633834    -0.12253237  -0.00444426
    3    2
 -0.00493124   0.00005678     0.00000002  -0.00000001     0.00000001   0.00000000
 -0.00000002   0.00000001    -0.02335019  -0.00162312     0.00008920  -0.00217483
  0.00000000  -0.00000002     0.00008616  -0.00133090    -0.00237407  -0.00008593
    3    3
  0.09666497   0.00000000     0.00000004   0.00000004     0.00000023  -0.00000005
  0.00000004  -0.00000004     0.11545314   0.00000000     0.00001923   0.00222498
  0.00000023   0.00000005     0.00001923  -0.00222498     0.12534036   0.00000000
    3    4
 -0.00109701  -0.00000000    -0.00000001   0.00000001     0.00000000   0.00000000
  0.00000004   0.00000003     0.01740917  -0.00000008    -0.00000587   0.00154500
 -0.00000000  -0.00000000     0.00000597   0.00154505    -0.00013423   0.00000003
    4    1
 -0.00493115   0.00005678    -0.00000003   0.00000003     0.00000001   0.00000003
 -0.00000000  -0.00000002    -0.02335017  -0.00162322    -0.00008925   0.00217479
 -0.00000001   0.00000001    -0.00008627   0.00133079    -0.00237385  -0.00008594
    4    2
 -0.09046222  -0.00110153    -0.00000005   0.00000003     0.00000003   0.00000005
 -0.00000003   0.00000001    -0.10888137  -0.00667324     0.00019582  -0.00275721
 -0.00000001   0.00000001     0.00036919  -0.00633831    -0.12253356  -0.00444428
    4    3
 -0.00109701   0.00000000     0.00000004  -0.00000003    -0.00000000   0.00000000
 -0.00000001  -0.00000001     0.01740917   0.00000008     0.00000597  -0.00154505
  0.00000000  -0.00000000    -0.00000587  -0.00154500    -0.00013423  -0.00000003
    4    4
  0.09664844   0.00000000     0.00000008  -0.00000005    -0.00000001  -0.00000001
  0.00000008   0.00000005     0.11543634   0.00000000    -0.00001875  -0.00222501
 -0.00000001   0.00000001    -0.00001875   0.00222501     0.12527553   0.00000000

     Effective Charges U-E: Z_{s,alpha}{beta}

     atom #    1
     -0.840944185893E-08     -0.171490355328E-08      0.000000000000E+00      0.000000000000E+00      0.000000000000E+00      0.000000000000E+00
     -0.274173292617E-03     -0.115265201793E-01      0.000000000000E+00      0.000000000000E+00      0.000000000000E+00      0.000000000000E+00
      0.305629256159E-03     -0.265796433446E-06      0.000000000000E+00      0.000000000000E+00      0.000000000000E+00      0.000000000000E+00
     atom #    2
      0.556111225316E-08     -0.116501551743E-07      0.000000000000E+00      0.000000000000E+00      0.000000000000E+00      0.000000000000E+00
     -0.274157311007E-03     -0.115265278189E-01      0.000000000000E+00      0.000000000000E+00      0.000000000000E+00      0.000000000000E+00
     -0.305638167720E-03      0.246462426929E-06      0.000000000000E+00      0.000000000000E+00      0.000000000000E+00      0.000000000000E+00
     atom #    3
     -0.106874525501E-07     -0.891934771361E-08      0.000000000000E+00      0.000000000000E+00      0.000000000000E+00      0.000000000000E+00
     -0.606624793432E-04      0.114559516183E-01      0.000000000000E+00      0.000000000000E+00      0.000000000000E+00      0.000000000000E+00
      0.946078527921E-05     -0.122426155562E-05      0.000000000000E+00      0.000000000000E+00      0.000000000000E+00      0.000000000000E+00
     atom #    4
      0.206635481975E-07      0.233979224590E-07      0.000000000000E+00      0.000000000000E+00      0.000000000000E+00      0.000000000000E+00
     -0.607145795480E-04      0.114559565026E-01      0.000000000000E+00      0.000000000000E+00      0.000000000000E+00      0.000000000000E+00
     -0.944207590121E-05      0.128380745730E-05      0.000000000000E+00      0.000000000000E+00      0.000000000000E+00      0.000000000000E+00

     Diagonalizing the dynamical matrix

     q = (    0.000000000   0.020000000   0.000000000 ) 

 **************************************************************************
     freq (    1) =       0.167829 [THz] =       5.598157 [cm-1]
 (  0.000054 -0.000010 -0.000554  0.020921  0.498281  0.018060 ) 
 (  0.000067 -0.000005  0.000480 -0.020855  0.499036  0.018088 ) 
 (  0.000053 -0.000011  0.000959  0.040511  0.498439 -0.000003 ) 
 (  0.000066 -0.000006 -0.001031 -0.040480  0.499429  0.000000 ) 
     freq (    2) =       0.189407 [THz] =       6.317921 [cm-1]
 ( -0.488968  0.102291 -0.000157  0.000105  0.000061 -0.000002 ) 
 ( -0.489443  0.102390 -0.000155  0.000098  0.000059 -0.000003 ) 
 ( -0.488205  0.107725 -0.000149  0.000117  0.000058 -0.000010 ) 
 ( -0.488704  0.107835 -0.000149  0.000105  0.000063  0.000000 ) 
     freq (    3) =       0.229522 [THz] =       7.656025 [cm-1]
 (  0.000075 -0.000168 -0.024319  0.499078  0.000995  0.000091 ) 
 (  0.000076 -0.000171 -0.024338  0.499561 -0.001044 -0.000020 ) 
 (  0.000073 -0.000170  0.006982  0.499516 -0.016358  0.000071 ) 
 (  0.000075 -0.000172  0.006994  0.500027  0.016335  0.000000 ) 
     freq (    4) =       1.105879 [THz] =      36.888146 [cm-1]
 (  0.389173 -0.332350  0.000086 -0.000114  0.000008 -0.000002 ) 
 ( -0.388781  0.332014 -0.000087  0.000117  0.000008 -0.000002 ) 
 (  0.367106 -0.322202  0.000075 -0.000113  0.000012  0.000001 ) 
 ( -0.366753  0.321893 -0.000076  0.000116  0.000013  0.000000 ) 
     freq (    5) =       1.116035 [THz] =      37.226926 [cm-1]
 (  0.000038 -0.000140 -0.018912  0.511234 -0.020836 -0.001085 ) 
 ( -0.000037  0.000138  0.018892 -0.510727 -0.020877 -0.001086 ) 
 (  0.000035 -0.000135  0.010731  0.486417 -0.040226 -0.000002 ) 
 ( -0.000033  0.000132 -0.010720 -0.485941 -0.040271  0.000000 ) 
     freq (    6) =       2.996704 [THz] =      99.959297 [cm-1]
 ( -0.000002 -0.000001 -0.000159  0.002875 -0.338951 -0.012301 ) 
 ( -0.000000  0.000000 -0.000156  0.002853  0.338181  0.012272 ) 
 ( -0.000000  0.000000 -0.000240 -0.023466 -0.620640  0.000001 ) 
 ( -0.000001  0.000000 -0.000240 -0.023430  0.619786  0.000000 ) 
     freq (    7) =       4.807453 [THz] =     160.359365 [cm-1]
 (  0.000048  0.000008  0.027701 -0.383273 -0.053514 -0.002414 ) 
 ( -0.000046 -0.000009 -0.027706  0.383356 -0.053561 -0.002418 ) 
 ( -0.000073 -0.000011 -0.007706  0.588613  0.053517  0.000001 ) 
 (  0.000071  0.000013  0.007705 -0.588678  0.053581  0.000000 ) 
     freq (    8) =       4.810872 [THz] =     160.473428 [cm-1]
 ( -0.373964 -0.102308  0.000007 -0.000047 -0.000005 -0.000001 ) 
 (  0.374546  0.102465 -0.000008  0.000047 -0.000006 -0.000001 ) 
 (  0.571854  0.148151 -0.000006  0.000073  0.000006  0.000000 ) 
 ( -0.572647 -0.148356  0.000008 -0.000073  0.000005  0.000000 ) 
     freq (    9) =       4.923960 [THz] =     164.245621 [cm-1]
 (  0.191931 -0.352276  0.000000  0.000001 -0.000000  0.000001 ) 
 (  0.191670 -0.351800 -0.000000 -0.000000  0.000000 -0.000000 ) 
 ( -0.273263  0.514901 -0.000001 -0.000001  0.000000  0.000000 ) 
 ( -0.272849  0.514122  0.000001  0.000001 -0.000001  0.000000 ) 
     freq (   10) =       5.645959 [THz] =     188.328908 [cm-1]
 ( -0.000001 -0.000000 -0.003371  0.051700 -0.396964 -0.014365 ) 
 (  0.000001 -0.000000  0.003385 -0.051794 -0.397807 -0.014396 ) 
 (  0.000002  0.000000  0.000602 -0.056087  0.579313 -0.000002 ) 
 ( -0.000001  0.000000 -0.000613  0.056186  0.580061  0.000000 ) 
     freq (   11) =       5.805390 [THz] =     193.646963 [cm-1]
 (  0.000000 -0.000000 -0.013232  0.400563 -0.000782 -0.000628 ) 
 ( -0.000000  0.000001 -0.013230  0.400510  0.000699  0.000634 ) 
 ( -0.000000  0.000000 -0.017270 -0.581828  0.025366 -0.000015 ) 
 (  0.000001 -0.000001 -0.017268 -0.581712 -0.025238  0.000000 ) 
     freq (   12) =       6.454407 [THz] =     215.295835 [cm-1]
 (  0.000000 -0.000000  0.000387  0.001678  0.553905  0.020061 ) 
 (  0.000001 -0.000000  0.000384  0.001722 -0.553059 -0.020031 ) 
 ( -0.000001  0.000000 -0.000936 -0.018423 -0.439658  0.000000 ) 
 ( -0.000000  0.000000 -0.000935 -0.018459  0.438775  0.000000 ) 
 **************************************************************************
