Dynamical matrix file
default                                                                    
  2    4   4   7.7271278   0.0000000   5.9661236   0.0000000   0.0000000   0.0000000
           1  'In  '    104650.205105250     
           2  'Se  '    71967.6374358595     
    1    1     -0.0000000050      0.5773502721      1.0573362323
    2    1     -0.0000000050      0.5773502721      1.7491692554
    3    2      0.5000000050      0.2886751317      0.7452704650
    4    2      0.5000000050      0.2886751317      2.0612350764

     Dynamical  Matrix in cartesian axes

     q = (    0.000000000   0.000000000   0.010000000 ) 

    1    1
  0.09466316   0.00000000    -0.00000022  -0.00000002    -0.00000009  -0.00000000
 -0.00000022   0.00000002     0.09466280   0.00000000     0.00000001   0.00000000
 -0.00000009   0.00000000     0.00000001  -0.00000000     0.21722367   0.00000000
    1    2
  0.00117863   0.00000000     0.00000000  -0.00000000    -0.00000001  -0.00000001
  0.00000000  -0.00000000     0.00117847   0.00000000    -0.00000003  -0.00000003
  0.00000004  -0.00000001     0.00000000  -0.00000000    -0.09027573   0.00000000
    1    3
 -0.09052277  -0.00000001    -0.00000000   0.00000001    -0.00000000  -0.00000000
 -0.00000001   0.00000000    -0.09052286   0.00000001     0.00000001   0.00000001
 -0.00000002  -0.00000002    -0.00000001  -0.00000009    -0.12338833   0.00000004
    1    4
 -0.00492647   0.00000000     0.00000000  -0.00000000     0.00000001  -0.00000000
 -0.00000000   0.00000000    -0.00492647   0.00000000    -0.00000003  -0.00000001
  0.00000003   0.00000000    -0.00000007   0.00000003    -0.00295241   0.00000002
    2    1
  0.00117863  -0.00000000     0.00000000   0.00000000     0.00000004   0.00000001
  0.00000000   0.00000000     0.00117847  -0.00000000     0.00000000   0.00000000
 -0.00000001   0.00000001    -0.00000003   0.00000003    -0.09027573  -0.00000000
    2    2
  0.09466081   0.00000000    -0.00000001   0.00000000    -0.00000018  -0.00000000
 -0.00000001  -0.00000000     0.09466029   0.00000000     0.00000021   0.00000001
 -0.00000018   0.00000000     0.00000021  -0.00000001     0.21699828   0.00000000
    2    3
 -0.00492668  -0.00000000    -0.00000000   0.00000000     0.00000000  -0.00000001
 -0.00000000  -0.00000000    -0.00492670   0.00000000    -0.00000000  -0.00000000
  0.00000006  -0.00000001    -0.00000004   0.00000004    -0.00295257   0.00000002
    2    4
 -0.09052273  -0.00000001    -0.00000001  -0.00000001    -0.00000002  -0.00000001
 -0.00000000  -0.00000000    -0.09052277  -0.00000000    -0.00000000  -0.00000000
 -0.00000005   0.00000001     0.00000001  -0.00000009    -0.12338952   0.00000002
    3    1
 -0.09052277   0.00000001    -0.00000001  -0.00000000    -0.00000002   0.00000002
 -0.00000000  -0.00000001    -0.09052286  -0.00000001    -0.00000001   0.00000009
 -0.00000000   0.00000000     0.00000001  -0.00000001    -0.12338833  -0.00000004
    3    2
 -0.00492668   0.00000000    -0.00000000   0.00000000     0.00000006   0.00000001
 -0.00000000  -0.00000000    -0.00492670  -0.00000000    -0.00000004  -0.00000004
  0.00000000   0.00000001    -0.00000000   0.00000000    -0.00295257  -0.00000002
    3    3
  0.09658886   0.00000000     0.00000007  -0.00000000    -0.00000020   0.00000004
  0.00000007   0.00000000     0.09658935   0.00000000     0.00000008  -0.00000002
 -0.00000020  -0.00000004     0.00000008   0.00000002     0.12595310   0.00000000
    3    4
 -0.00109408  -0.00000000     0.00000000   0.00000000    -0.00000001  -0.00000001
  0.00000000   0.00000000    -0.00109408  -0.00000000     0.00000002  -0.00000004
  0.00000002  -0.00000000     0.00000001   0.00000006     0.00038430   0.00000002
    4    1
 -0.00492647  -0.00000000    -0.00000000  -0.00000000     0.00000003  -0.00000000
  0.00000000   0.00000000    -0.00492647  -0.00000000    -0.00000007  -0.00000003
  0.00000001   0.00000000    -0.00000003   0.00000001    -0.00295241  -0.00000002
    4    2
 -0.09052273   0.00000001    -0.00000000   0.00000000    -0.00000005  -0.00000001
 -0.00000001   0.00000001    -0.09052277   0.00000000     0.00000001   0.00000009
 -0.00000002   0.00000001    -0.00000000   0.00000000    -0.12338952  -0.00000002
    4    3
 -0.00109408   0.00000000     0.00000000  -0.00000000     0.00000002   0.00000000
  0.00000000  -0.00000000    -0.00109408   0.00000000     0.00000001  -0.00000006
 -0.00000001   0.00000001     0.00000002   0.00000004     0.00038430  -0.00000002
    4    4
  0.09657252   0.00000000    -0.00000012  -0.00000003    -0.00000003  -0.00000004
 -0.00000012   0.00000003     0.09657249   0.00000000     0.00000031  -0.00000013
 -0.00000003   0.00000004     0.00000031   0.00000013     0.12588800   0.00000000

     Dynamical  Matrix in cartesian axes

     q = (    0.000000000   0.000000000  -0.010000000 ) 

    1    1
  0.09466316   0.00000000    -0.00000022   0.00000002    -0.00000009   0.00000000
 -0.00000022  -0.00000002     0.09466280   0.00000000     0.00000001  -0.00000000
 -0.00000009  -0.00000000     0.00000001   0.00000000     0.21722367   0.00000000
    1    2
  0.00117863  -0.00000000     0.00000000   0.00000000    -0.00000001   0.00000001
  0.00000000   0.00000000     0.00117847  -0.00000000    -0.00000003   0.00000003
  0.00000004   0.00000001     0.00000000   0.00000000    -0.09027573  -0.00000000
    1    3
 -0.09052277   0.00000001    -0.00000000  -0.00000001    -0.00000000   0.00000000
 -0.00000001  -0.00000000    -0.09052286  -0.00000001     0.00000001  -0.00000001
 -0.00000002   0.00000002    -0.00000001   0.00000009    -0.12338833  -0.00000004
    1    4
 -0.00492647  -0.00000000     0.00000000   0.00000000     0.00000001   0.00000000
 -0.00000000  -0.00000000    -0.00492647  -0.00000000    -0.00000003   0.00000001
  0.00000003  -0.00000000    -0.00000007  -0.00000003    -0.00295241  -0.00000002
    2    1
  0.00117863   0.00000000     0.00000000  -0.00000000     0.00000004  -0.00000001
  0.00000000  -0.00000000     0.00117847   0.00000000     0.00000000  -0.00000000
 -0.00000001  -0.00000001    -0.00000003  -0.00000003    -0.09027573   0.00000000
    2    2
  0.09466081   0.00000000    -0.00000001  -0.00000000    -0.00000018   0.00000000
 -0.00000001   0.00000000     0.09466029   0.00000000     0.00000021  -0.00000001
 -0.00000018  -0.00000000     0.00000021   0.00000001     0.21699828   0.00000000
    2    3
 -0.00492668   0.00000000    -0.00000000  -0.00000000     0.00000000   0.00000001
 -0.00000000   0.00000000    -0.00492670  -0.00000000    -0.00000000   0.00000000
  0.00000006   0.00000001    -0.00000004  -0.00000004    -0.00295257  -0.00000002
    2    4
 -0.09052273   0.00000001    -0.00000001   0.00000001    -0.00000002   0.00000001
 -0.00000000   0.00000000    -0.09052277   0.00000000    -0.00000000   0.00000000
 -0.00000005  -0.00000001     0.00000001   0.00000009    -0.12338952  -0.00000002
    3    1
 -0.09052277  -0.00000001    -0.00000001   0.00000000    -0.00000002  -0.00000002
 -0.00000000   0.00000001    -0.09052286   0.00000001    -0.00000001  -0.00000009
 -0.00000000  -0.00000000     0.00000001   0.00000001    -0.12338833   0.00000004
    3    2
 -0.00492668  -0.00000000    -0.00000000  -0.00000000     0.00000006  -0.00000001
 -0.00000000   0.00000000    -0.00492670   0.00000000    -0.00000004   0.00000004
  0.00000000  -0.00000001    -0.00000000  -0.00000000    -0.00295257   0.00000002
    3    3
  0.09658886   0.00000000     0.00000007   0.00000000    -0.00000020  -0.00000004
  0.00000007  -0.00000000     0.09658935   0.00000000     0.00000008   0.00000002
 -0.00000020   0.00000004     0.00000008  -0.00000002     0.12595310   0.00000000
    3    4
 -0.00109408   0.00000000     0.00000000  -0.00000000    -0.00000001   0.00000001
  0.00000000  -0.00000000    -0.00109408   0.00000000     0.00000002   0.00000004
  0.00000002   0.00000000     0.00000001  -0.00000006     0.00038430  -0.00000002
    4    1
 -0.00492647   0.00000000    -0.00000000   0.00000000     0.00000003   0.00000000
  0.00000000  -0.00000000    -0.00492647   0.00000000    -0.00000007   0.00000003
  0.00000001  -0.00000000    -0.00000003  -0.00000001    -0.00295241   0.00000002
    4    2
 -0.09052273  -0.00000001    -0.00000000  -0.00000000    -0.00000005   0.00000001
 -0.00000001  -0.00000001    -0.09052277  -0.00000000     0.00000001  -0.00000009
 -0.00000002  -0.00000001    -0.00000000  -0.00000000    -0.12338952   0.00000002
    4    3
 -0.00109408  -0.00000000     0.00000000   0.00000000     0.00000002  -0.00000000
  0.00000000   0.00000000    -0.00109408  -0.00000000     0.00000001   0.00000006
 -0.00000001  -0.00000001     0.00000002  -0.00000004     0.00038430   0.00000002
    4    4
  0.09657252   0.00000000    -0.00000012   0.00000003    -0.00000003   0.00000004
 -0.00000012  -0.00000003     0.09657249   0.00000000     0.00000031   0.00000013
 -0.00000003  -0.00000004     0.00000031  -0.00000013     0.12588800   0.00000000

     Effective Charges U-E: Z_{s,alpha}{beta}

     atom #    1
      0.754422349631E-08      0.358672735813E-07      0.000000000000E+00      0.000000000000E+00      0.000000000000E+00      0.000000000000E+00
      0.229287050719E-08     -0.421046594584E-07      0.000000000000E+00      0.000000000000E+00      0.000000000000E+00      0.000000000000E+00
     -0.173401294459E-04     -0.136101680030E-02      0.000000000000E+00      0.000000000000E+00      0.000000000000E+00      0.000000000000E+00
     atom #    2
     -0.333492976886E-07     -0.400058878630E-07      0.000000000000E+00      0.000000000000E+00      0.000000000000E+00      0.000000000000E+00
     -0.623179531736E-08     -0.654996649723E-08      0.000000000000E+00      0.000000000000E+00      0.000000000000E+00      0.000000000000E+00
      0.174274630484E-04     -0.136110144885E-02      0.000000000000E+00      0.000000000000E+00      0.000000000000E+00      0.000000000000E+00
     atom #    3
     -0.558066780784E-07     -0.770469551159E-07      0.000000000000E+00      0.000000000000E+00      0.000000000000E+00      0.000000000000E+00
     -0.289097767400E-07      0.831080391566E-07      0.000000000000E+00      0.000000000000E+00      0.000000000000E+00      0.000000000000E+00
      0.434269890633E-04      0.135248146802E-02      0.000000000000E+00      0.000000000000E+00      0.000000000000E+00      0.000000000000E+00
     atom #    4
      0.862942659714E-08      0.119660432877E-07      0.000000000000E+00      0.000000000000E+00      0.000000000000E+00      0.000000000000E+00
     -0.141163668598E-06      0.685681341120E-07      0.000000000000E+00      0.000000000000E+00      0.000000000000E+00      0.000000000000E+00
     -0.433497535649E-04      0.135242934901E-02      0.000000000000E+00      0.000000000000E+00      0.000000000000E+00      0.000000000000E+00

     Diagonalizing the dynamical matrix

     q = (    0.000000000   0.000000000   0.010000000 ) 

 **************************************************************************
     freq (    1) =       0.161913 [THz] =       5.400843 [cm-1]
 ( -0.126782  0.040650 -0.436732  0.202322  0.003072 -0.000000 ) 
 ( -0.126898  0.040686 -0.437147  0.202514  0.003078 -0.000000 ) 
 ( -0.126961  0.040707 -0.437348  0.202607  0.003076 -0.000000 ) 
 ( -0.127085  0.040746 -0.437787  0.202810  0.003085  0.000000 ) 
     freq (    2) =       0.162028 [THz] =       5.404668 [cm-1]
 ( -0.480930  0.019336  0.131325 -0.021690 -0.004992 -0.000000 ) 
 ( -0.481374  0.019354  0.131451 -0.021710 -0.004999 -0.000000 ) 
 ( -0.481611  0.019364  0.131511 -0.021720 -0.005000 -0.000000 ) 
 ( -0.482080  0.019382  0.131643 -0.021741 -0.005010  0.000000 ) 
     freq (    3) =       0.167303 [THz] =       5.580619 [cm-1]
 (  0.004028  0.000058 -0.004008  0.001463 -0.499145  0.000000 ) 
 (  0.004034  0.000055 -0.003999  0.001463 -0.499903  0.000000 ) 
 (  0.004034  0.000058 -0.004013  0.001465 -0.499910  0.000000 ) 
 (  0.004040  0.000055 -0.004005  0.001464 -0.500902  0.000000 ) 
     freq (    4) =       1.101111 [THz] =      36.729103 [cm-1]
 ( -0.245228  0.067534 -0.410880  0.167910  0.000006 -0.000001 ) 
 (  0.244992 -0.067470  0.410473 -0.167743  0.000006 -0.000000 ) 
 ( -0.234231  0.064505 -0.392453  0.160379  0.000006 -0.000001 ) 
 (  0.234018 -0.064447  0.392085 -0.160228  0.000005  0.000000 ) 
     freq (    5) =       1.101121 [THz] =      36.729446 [cm-1]
 ( -0.014743  0.443613 -0.021847 -0.253422  0.000001  0.000004 ) 
 (  0.014729 -0.443186  0.021825  0.253170  0.000001  0.000001 ) 
 ( -0.014081  0.423720 -0.020867 -0.242057  0.000001  0.000005 ) 
 (  0.014069 -0.423333  0.020847  0.241829  0.000001  0.000000 ) 
     freq (    6) =       2.997700 [THz] =      99.992502 [cm-1]
 (  0.000002 -0.000000 -0.000001 -0.000001 -0.339344  0.000000 ) 
 ( -0.000001 -0.000000  0.000003  0.000000  0.338571  0.000000 ) 
 (  0.000001 -0.000000 -0.000000 -0.000000 -0.620997  0.000000 ) 
 ( -0.000001 -0.000000  0.000001  0.000000  0.620143  0.000000 ) 
     freq (    7) =       4.810905 [THz] =     160.474513 [cm-1]
 (  0.363968 -0.057930  0.112469 -0.044729  0.000001  0.000000 ) 
 ( -0.364530  0.058020 -0.112652  0.044801  0.000001  0.000000 ) 
 ( -0.554136  0.088198 -0.171234  0.068100 -0.000001  0.000000 ) 
 (  0.554899 -0.088320  0.171482 -0.068198 -0.000001  0.000000 ) 
     freq (    8) =       4.810907 [THz] =     160.474588 [cm-1]
 ( -0.074102  0.095711  0.156359 -0.333726 -0.000000  0.000000 ) 
 (  0.074215 -0.095855 -0.156608  0.334258  0.000001 -0.000001 ) 
 (  0.112819 -0.145718 -0.238055  0.508096 -0.000000  0.000001 ) 
 ( -0.112972  0.145914  0.238394 -0.508820 -0.000001  0.000000 ) 
     freq (    9) =       4.923996 [THz] =     164.246822 [cm-1]
 ( -0.223832 -0.239000 -0.193244 -0.128482 -0.000000 -0.000000 ) 
 ( -0.223531 -0.238679 -0.192974 -0.128302  0.000000  0.000001 ) 
 (  0.325039  0.347066  0.280623  0.186577 -0.000000 -0.000001 ) 
 (  0.324548  0.346543  0.280183  0.186284  0.000000  0.000000 ) 
     freq (   10) =       4.923997 [THz] =     164.246867 [cm-1]
 ( -0.227563  0.045417  0.297863 -0.136028 -0.000002 -0.000000 ) 
 ( -0.227260  0.045356  0.297450 -0.135839 -0.000002  0.000000 ) 
 (  0.330456 -0.065952 -0.432545  0.197535  0.000002 -0.000000 ) 
 (  0.329964 -0.065854 -0.431874  0.197228  0.000002  0.000000 ) 
     freq (   11) =       5.664290 [THz] =     188.940374 [cm-1]
 ( -0.000001  0.000000  0.000001 -0.000000  0.400720 -0.000000 ) 
 ( -0.000000  0.000000  0.000002 -0.000001  0.401589 -0.000000 ) 
 (  0.000002 -0.000000 -0.000001  0.000001 -0.581919 -0.000000 ) 
 (  0.000000  0.000000 -0.000003  0.000002 -0.582684  0.000000 ) 
     freq (   12) =       6.456258 [THz] =     215.357597 [cm-1]
 (  0.000000 -0.000000 -0.000000  0.000000 -0.554141  0.000000 ) 
 ( -0.000000 -0.000000  0.000001 -0.000000  0.553274 -0.000000 ) 
 ( -0.000000  0.000000  0.000000 -0.000000  0.440237 -0.000000 ) 
 (  0.000000  0.000000 -0.000001  0.000001 -0.439326  0.000000 ) 
 **************************************************************************
