Dynamical matrix file
default                                                                    
  2    4   4   7.7271278   0.0000000   5.9661236   0.0000000   0.0000000   0.0000000
           1  'In  '    104650.205105250     
           2  'Se  '    71967.6374358595     
    1    1     -0.0000000050      0.5773502721      1.0573362323
    2    1     -0.0000000050      0.5773502721      1.7491692554
    3    2      0.5000000050      0.2886751317      0.7452704650
    4    2      0.5000000050      0.2886751317      2.0612350764

     Dynamical  Matrix in cartesian axes

     q = (    0.000000000   0.000000000   0.020000000 ) 

    1    1
  0.09465581   0.00000000    -0.00000014  -0.00000001    -0.00000014   0.00000002
 -0.00000014   0.00000001     0.09465523   0.00000000     0.00000019   0.00000001
 -0.00000014  -0.00000002     0.00000019  -0.00000001     0.21722018   0.00000000
    1    2
  0.00117830   0.00000000     0.00000000   0.00000000     0.00000001  -0.00000000
 -0.00000000   0.00000000     0.00117819   0.00000000    -0.00000004   0.00000000
  0.00000001  -0.00000001    -0.00000002  -0.00000005    -0.09027584   0.00000009
    1    3
 -0.09052293  -0.00000001     0.00000000  -0.00000001    -0.00000001   0.00000000
 -0.00000001  -0.00000001    -0.09052281   0.00000001     0.00000002  -0.00000001
 -0.00000001  -0.00000002    -0.00000003   0.00000001    -0.12338831   0.00000000
    1    4
 -0.00492657   0.00000000    -0.00000000   0.00000000     0.00000000   0.00000000
  0.00000000  -0.00000000    -0.00492653   0.00000000    -0.00000002   0.00000000
 -0.00000000   0.00000001    -0.00000002  -0.00000002    -0.00295237   0.00000003
    2    1
  0.00117830  -0.00000000    -0.00000000  -0.00000000     0.00000001   0.00000001
  0.00000000  -0.00000000     0.00117819  -0.00000000    -0.00000002   0.00000005
  0.00000001   0.00000000    -0.00000004  -0.00000000    -0.09027584  -0.00000009
    2    2
  0.09465248   0.00000000    -0.00000010   0.00000000     0.00000029   0.00000001
 -0.00000010  -0.00000000     0.09465196   0.00000000    -0.00000009  -0.00000007
  0.00000029  -0.00000001    -0.00000009   0.00000007     0.21699502   0.00000000
    2    3
 -0.00492654   0.00000000     0.00000000  -0.00000000     0.00000000  -0.00000000
 -0.00000000  -0.00000000    -0.00492657   0.00000000    -0.00000001   0.00000002
 -0.00000000  -0.00000000     0.00000000   0.00000001    -0.00295259  -0.00000005
    2    4
 -0.09052296  -0.00000000    -0.00000001   0.00000001     0.00000000   0.00000000
 -0.00000002   0.00000001    -0.09052287  -0.00000000    -0.00000000  -0.00000002
  0.00000002   0.00000000    -0.00000003   0.00000001    -0.12338942  -0.00000002
    3    1
 -0.09052293   0.00000001    -0.00000001   0.00000001    -0.00000001   0.00000002
  0.00000000   0.00000001    -0.09052281  -0.00000001    -0.00000003  -0.00000001
 -0.00000001  -0.00000000     0.00000002   0.00000001    -0.12338831  -0.00000000
    3    2
 -0.00492654  -0.00000000    -0.00000000   0.00000000    -0.00000000   0.00000000
  0.00000000   0.00000000    -0.00492657  -0.00000000     0.00000000  -0.00000001
  0.00000000   0.00000000    -0.00000001  -0.00000002    -0.00295259   0.00000005
    3    3
  0.09658946   0.00000000    -0.00000005  -0.00000003     0.00000018   0.00000007
 -0.00000005   0.00000003     0.09658902   0.00000000     0.00000005  -0.00000005
  0.00000018  -0.00000007     0.00000005   0.00000005     0.12595293   0.00000000
    3    4
 -0.00109407   0.00000000    -0.00000000  -0.00000000     0.00000000  -0.00000000
 -0.00000000   0.00000000    -0.00109408  -0.00000000     0.00000002   0.00000000
  0.00000001  -0.00000001     0.00000001   0.00000001     0.00038431   0.00000002
    4    1
 -0.00492657  -0.00000000     0.00000000   0.00000000    -0.00000000  -0.00000001
 -0.00000000  -0.00000000    -0.00492653  -0.00000000    -0.00000002   0.00000002
  0.00000000  -0.00000000    -0.00000002  -0.00000000    -0.00295237  -0.00000003
    4    2
 -0.09052296   0.00000000    -0.00000002  -0.00000001     0.00000002  -0.00000000
 -0.00000001  -0.00000001    -0.09052287   0.00000000    -0.00000003  -0.00000001
  0.00000000  -0.00000000    -0.00000000   0.00000002    -0.12338942   0.00000002
    4    3
 -0.00109407  -0.00000000    -0.00000000  -0.00000000     0.00000001   0.00000001
 -0.00000000   0.00000000    -0.00109408   0.00000000     0.00000001  -0.00000001
  0.00000000   0.00000000     0.00000002  -0.00000000     0.00038431  -0.00000002
    4    4
  0.09657245   0.00000000    -0.00000011  -0.00000012    -0.00000001   0.00000009
 -0.00000011   0.00000012     0.09657280   0.00000000     0.00000025   0.00000007
 -0.00000001  -0.00000009     0.00000025  -0.00000007     0.12588777   0.00000000

     Dynamical  Matrix in cartesian axes

     q = (    0.000000000   0.000000000  -0.020000000 ) 

    1    1
  0.09465581   0.00000000    -0.00000014   0.00000001    -0.00000014  -0.00000002
 -0.00000014  -0.00000001     0.09465523   0.00000000     0.00000019  -0.00000001
 -0.00000014   0.00000002     0.00000019   0.00000001     0.21722018   0.00000000
    1    2
  0.00117830  -0.00000000     0.00000000  -0.00000000     0.00000001   0.00000000
 -0.00000000  -0.00000000     0.00117819  -0.00000000    -0.00000004  -0.00000000
  0.00000001   0.00000001    -0.00000002   0.00000005    -0.09027584  -0.00000009
    1    3
 -0.09052293   0.00000001     0.00000000   0.00000001    -0.00000001  -0.00000000
 -0.00000001   0.00000001    -0.09052281  -0.00000001     0.00000002   0.00000001
 -0.00000001   0.00000002    -0.00000003  -0.00000001    -0.12338831  -0.00000000
    1    4
 -0.00492657  -0.00000000    -0.00000000  -0.00000000     0.00000000  -0.00000000
  0.00000000   0.00000000    -0.00492653  -0.00000000    -0.00000002  -0.00000000
 -0.00000000  -0.00000001    -0.00000002   0.00000002    -0.00295237  -0.00000003
    2    1
  0.00117830   0.00000000    -0.00000000   0.00000000     0.00000001  -0.00000001
  0.00000000   0.00000000     0.00117819   0.00000000    -0.00000002  -0.00000005
  0.00000001  -0.00000000    -0.00000004   0.00000000    -0.09027584   0.00000009
    2    2
  0.09465248   0.00000000    -0.00000010  -0.00000000     0.00000029  -0.00000001
 -0.00000010   0.00000000     0.09465196   0.00000000    -0.00000009   0.00000007
  0.00000029   0.00000001    -0.00000009  -0.00000007     0.21699502   0.00000000
    2    3
 -0.00492654  -0.00000000     0.00000000   0.00000000     0.00000000   0.00000000
 -0.00000000   0.00000000    -0.00492657  -0.00000000    -0.00000001  -0.00000002
 -0.00000000   0.00000000     0.00000000  -0.00000001    -0.00295259   0.00000005
    2    4
 -0.09052296   0.00000000    -0.00000001  -0.00000001     0.00000000  -0.00000000
 -0.00000002  -0.00000001    -0.09052287   0.00000000    -0.00000000   0.00000002
  0.00000002  -0.00000000    -0.00000003  -0.00000001    -0.12338942   0.00000002
    3    1
 -0.09052293  -0.00000001    -0.00000001  -0.00000001    -0.00000001  -0.00000002
  0.00000000  -0.00000001    -0.09052281   0.00000001    -0.00000003   0.00000001
 -0.00000001   0.00000000     0.00000002  -0.00000001    -0.12338831   0.00000000
    3    2
 -0.00492654   0.00000000    -0.00000000  -0.00000000    -0.00000000  -0.00000000
  0.00000000  -0.00000000    -0.00492657   0.00000000     0.00000000   0.00000001
  0.00000000  -0.00000000    -0.00000001   0.00000002    -0.00295259  -0.00000005
    3    3
  0.09658946   0.00000000    -0.00000005   0.00000003     0.00000018  -0.00000007
 -0.00000005  -0.00000003     0.09658902   0.00000000     0.00000005   0.00000005
  0.00000018   0.00000007     0.00000005  -0.00000005     0.12595293   0.00000000
    3    4
 -0.00109407  -0.00000000    -0.00000000   0.00000000     0.00000000   0.00000000
 -0.00000000  -0.00000000    -0.00109408   0.00000000     0.00000002  -0.00000000
  0.00000001   0.00000001     0.00000001  -0.00000001     0.00038431  -0.00000002
    4    1
 -0.00492657   0.00000000     0.00000000  -0.00000000    -0.00000000   0.00000001
 -0.00000000   0.00000000    -0.00492653   0.00000000    -0.00000002  -0.00000002
  0.00000000   0.00000000    -0.00000002   0.00000000    -0.00295237   0.00000003
    4    2
 -0.09052296  -0.00000000    -0.00000002   0.00000001     0.00000002   0.00000000
 -0.00000001   0.00000001    -0.09052287  -0.00000000    -0.00000003   0.00000001
  0.00000000   0.00000000    -0.00000000  -0.00000002    -0.12338942  -0.00000002
    4    3
 -0.00109407   0.00000000    -0.00000000   0.00000000     0.00000001  -0.00000001
 -0.00000000  -0.00000000    -0.00109408  -0.00000000     0.00000001   0.00000001
  0.00000000  -0.00000000     0.00000002   0.00000000     0.00038431   0.00000002
    4    4
  0.09657245   0.00000000    -0.00000011   0.00000012    -0.00000001  -0.00000009
 -0.00000011  -0.00000012     0.09657280   0.00000000     0.00000025  -0.00000007
 -0.00000001   0.00000009     0.00000025   0.00000007     0.12588777   0.00000000

     Effective Charges U-E: Z_{s,alpha}{beta}

     atom #    1
      0.672469117878E-08     -0.228965187547E-07      0.000000000000E+00      0.000000000000E+00      0.000000000000E+00      0.000000000000E+00
     -0.234879761273E-08      0.285093800109E-08      0.000000000000E+00      0.000000000000E+00      0.000000000000E+00      0.000000000000E+00
     -0.695659446648E-04     -0.275059597692E-02      0.000000000000E+00      0.000000000000E+00      0.000000000000E+00      0.000000000000E+00
     atom #    2
     -0.283788051254E-07     -0.320770980804E-07      0.000000000000E+00      0.000000000000E+00      0.000000000000E+00      0.000000000000E+00
     -0.381281578101E-08      0.932565484212E-08      0.000000000000E+00      0.000000000000E+00      0.000000000000E+00      0.000000000000E+00
      0.695402125102E-04     -0.275073239612E-02      0.000000000000E+00      0.000000000000E+00      0.000000000000E+00      0.000000000000E+00
     atom #    3
     -0.145901580349E-07      0.257725121165E-07      0.000000000000E+00      0.000000000000E+00      0.000000000000E+00      0.000000000000E+00
      0.761306582347E-07      0.106229168555E-06      0.000000000000E+00      0.000000000000E+00      0.000000000000E+00      0.000000000000E+00
      0.173296925536E-03      0.268525057096E-02      0.000000000000E+00      0.000000000000E+00      0.000000000000E+00      0.000000000000E+00
     atom #    4
      0.285801077886E-07      0.532768897607E-07      0.000000000000E+00      0.000000000000E+00      0.000000000000E+00      0.000000000000E+00
     -0.878335027649E-07      0.408075189988E-07      0.000000000000E+00      0.000000000000E+00      0.000000000000E+00      0.000000000000E+00
     -0.173389337617E-03      0.268501487380E-02      0.000000000000E+00      0.000000000000E+00      0.000000000000E+00      0.000000000000E+00

     Diagonalizing the dynamical matrix

     q = (    0.000000000   0.000000000   0.020000000 ) 

 **************************************************************************
     freq (    1) =       0.160341 [THz] =       5.348398 [cm-1]
 (  0.168573  0.077311  0.462553  0.032337 -0.003148 -0.000000 ) 
 (  0.168744  0.077391  0.463005  0.032369 -0.003153 -0.000000 ) 
 (  0.168805  0.077418  0.463190  0.032382 -0.003153 -0.000000 ) 
 (  0.168986  0.077502  0.463664  0.032415 -0.003160  0.000000 ) 
     freq (    2) =       0.160471 [THz] =       5.352728 [cm-1]
 (  0.371079  0.278015 -0.178109 -0.051750 -0.002118  0.000000 ) 
 (  0.371456  0.278297 -0.178282 -0.051801 -0.002122 -0.000000 ) 
 (  0.371591  0.278399 -0.178355 -0.051821 -0.002122  0.000000 ) 
 (  0.371987  0.278695 -0.178535 -0.051875 -0.002126  0.000000 ) 
     freq (    3) =       0.166653 [THz] =       5.558962 [cm-1]
 ( -0.002642 -0.001667 -0.002160  0.000014 -0.499168  0.000001 ) 
 ( -0.002636 -0.001669 -0.002165  0.000017 -0.499925  0.000000 ) 
 ( -0.002645 -0.001669 -0.002163  0.000014 -0.499928  0.000001 ) 
 ( -0.002641 -0.001671 -0.002168  0.000018 -0.500919  0.000000 ) 
     freq (    4) =       1.100885 [THz] =      36.721587 [cm-1]
 (  0.241638 -0.059921  0.374280 -0.244270 -0.000001  0.000001 ) 
 ( -0.241382  0.059858 -0.373902  0.244022  0.000001  0.000001 ) 
 (  0.230794 -0.057232  0.357484 -0.233308 -0.000001  0.000002 ) 
 ( -0.230560  0.057175 -0.357137  0.233082  0.000001  0.000000 ) 
     freq (    5) =       1.100901 [THz] =      36.722100 [cm-1]
 (  0.437238 -0.092650 -0.213018  0.128839 -0.000004  0.000001 ) 
 ( -0.436779  0.092552  0.212803 -0.128710 -0.000004 -0.000000 ) 
 (  0.417616 -0.088493 -0.203459  0.123057 -0.000005  0.000001 ) 
 ( -0.417196  0.088403  0.203262 -0.122939 -0.000005  0.000000 ) 
     freq (    6) =       2.997680 [THz] =      99.991847 [cm-1]
 (  0.000001  0.000001  0.000001 -0.000000  0.339346 -0.000001 ) 
 ( -0.000000 -0.000001 -0.000002 -0.000000 -0.338573 -0.000000 ) 
 ( -0.000000  0.000000  0.000001 -0.000000  0.620995 -0.000001 ) 
 ( -0.000001 -0.000000  0.000000  0.000001 -0.620143  0.000000 ) 
     freq (    7) =       4.810875 [THz] =     160.473526 [cm-1]
 (  0.060245 -0.111881 -0.021641 -0.365860 -0.000000  0.000000 ) 
 ( -0.060345  0.112064  0.021675  0.366429 -0.000001 -0.000001 ) 
 ( -0.091725  0.170344  0.032950  0.557038  0.000000  0.000000 ) 
 (  0.091862 -0.170593 -0.032996 -0.557812 -0.000000  0.000000 ) 
     freq (    8) =       4.810880 [THz] =     160.473672 [cm-1]
 (  0.356099 -0.086638 -0.089288  0.090422 -0.000001  0.000000 ) 
 ( -0.356678  0.086780  0.089426 -0.090559 -0.000000 -0.000000 ) 
 ( -0.542178  0.131911  0.135945 -0.137671 -0.000000  0.000000 ) 
 (  0.542965 -0.132104 -0.136133  0.137858 -0.000000  0.000000 ) 
     freq (    9) =       4.923961 [THz] =     164.245654 [cm-1]
 (  0.102991  0.012285  0.351523 -0.163519 -0.000001  0.000000 ) 
 (  0.102843  0.012265  0.351046 -0.163296 -0.000001  0.000001 ) 
 ( -0.149565 -0.017840 -0.510484  0.237463  0.000002 -0.000001 ) 
 ( -0.149324 -0.017808 -0.509711  0.237103  0.000001  0.000000 ) 
     freq (   10) =       4.923966 [THz] =     164.245835 [cm-1]
 ( -0.372927 -0.106030  0.099759 -0.028372  0.000001 -0.000000 ) 
 ( -0.372397 -0.105879  0.099625 -0.028336  0.000000 -0.000000 ) 
 (  0.541568  0.153977 -0.144871  0.041203  0.000000  0.000000 ) 
 (  0.540710  0.153734 -0.144654  0.041143 -0.000002  0.000000 ) 
     freq (   11) =       5.664275 [THz] =     188.939863 [cm-1]
 (  0.000000  0.000000  0.000001 -0.000000  0.400717 -0.000000 ) 
 (  0.000001  0.000000  0.000001  0.000000  0.401586  0.000000 ) 
 ( -0.000001 -0.000000 -0.000001  0.000000 -0.581921  0.000000 ) 
 ( -0.000001 -0.000001 -0.000002 -0.000000 -0.582686  0.000000 ) 
     freq (   12) =       6.456239 [THz] =     215.356950 [cm-1]
 (  0.000000 -0.000000 -0.000000  0.000000 -0.554138  0.000000 ) 
 (  0.000001  0.000000  0.000000 -0.000000  0.553272  0.000000 ) 
 (  0.000000  0.000000  0.000000 -0.000000  0.440240  0.000000 ) 
 ( -0.000000 -0.000000 -0.000001 -0.000000 -0.439329  0.000000 ) 
 **************************************************************************
