Dynamical matrix file
default                                                                    
  2    4   4   7.7271278   0.0000000   5.9661236   0.0000000   0.0000000   0.0000000
           1  'In  '    104650.205105250     
           2  'Se  '    71967.6374358595     
    1    1     -0.0000000050      0.5773502721      1.0573362323
    2    1     -0.0000000050      0.5773502721      1.7491692554
    3    2      0.5000000050      0.2886751317      0.7452704650
    4    2      0.5000000050      0.2886751317      2.0612350764

     Dynamical  Matrix in cartesian axes

     q = (    0.010000000   0.010000000   0.000000000 ) 

    1    1
  0.10401224   0.00000000     0.00935451  -0.00022281    -0.00004356  -0.00107076
  0.00935451   0.00022281     0.10400765   0.00000000     0.00000008  -0.00107064
 -0.00004356   0.00107076     0.00000008   0.00107064     0.21665499   0.00000000
    1    2
  0.01041822   0.00000000     0.00923468  -0.00022033    -0.00002896  -0.00126094
  0.00923462   0.00022033     0.01041295  -0.00000000     0.00000013  -0.00126089
  0.00002906  -0.00126089    -0.00000010  -0.00126096    -0.09079813  -0.00000010
    1    3
 -0.09974227   0.00268392    -0.00926956   0.00143465     0.00011242   0.00317655
 -0.00927183   0.00126045    -0.09977598   0.00023542     0.00004173   0.00317751
  0.00006604   0.00137645     0.00001858   0.00137700    -0.12278038   0.00162977
    1    4
 -0.01417071   0.00057591    -0.00924693   0.00046136     0.00002749   0.00067017
 -0.00924916   0.00028980    -0.01417866   0.00007045     0.00000947   0.00067044
  0.00001943   0.00109153     0.00001471   0.00109164    -0.00245428   0.00003250
    2    1
  0.01041822  -0.00000000     0.00923462  -0.00022033     0.00002906   0.00126089
  0.00923468   0.00022033     0.01041295   0.00000000    -0.00000010   0.00126096
 -0.00002896   0.00126094     0.00000013   0.00126089    -0.09079813   0.00000010
    2    2
  0.10401001   0.00000000     0.00935464  -0.00022283     0.00004383   0.00107090
  0.00935464   0.00022283     0.10400475   0.00000000     0.00000015   0.00107079
  0.00004383  -0.00107090     0.00000015  -0.00107079     0.21642977   0.00000000
    2    3
 -0.01417093   0.00057596    -0.00924692   0.00046134    -0.00002738  -0.00067030
 -0.00924917   0.00028984    -0.01417871   0.00007043    -0.00000938  -0.00067051
 -0.00001954  -0.00109153    -0.00001469  -0.00109148    -0.00245452   0.00003251
    2    4
 -0.09974250   0.00268387    -0.00926963   0.00143468    -0.00011235  -0.00317658
 -0.00927191   0.00126042    -0.09977614   0.00023544    -0.00004167  -0.00317751
 -0.00006599  -0.00137631    -0.00001841  -0.00137699    -0.12278165   0.00162971
    3    1
 -0.09974227  -0.00268392    -0.00927183  -0.00126045     0.00006604  -0.00137645
 -0.00926956  -0.00143465    -0.09977598  -0.00023542     0.00001858  -0.00137700
  0.00011242  -0.00317655     0.00004173  -0.00317751    -0.12278038  -0.00162977
    3    2
 -0.01417093  -0.00057596    -0.00924917  -0.00028984    -0.00001954   0.00109153
 -0.00924692  -0.00046134    -0.01417871  -0.00007043    -0.00001469   0.00109148
 -0.00002738   0.00067030    -0.00000938   0.00067051    -0.00245452  -0.00003251
    3    3
  0.10596161   0.00000000     0.00933397   0.00004835    -0.00001001  -0.00111626
  0.00933397  -0.00004835     0.10596127   0.00000000     0.00000036  -0.00111631
 -0.00001001   0.00111626     0.00000036   0.00111631     0.12543721   0.00000000
    3    4
  0.00816805   0.00000004     0.00926337   0.00004912     0.00000341  -0.00077584
  0.00926333  -0.00004911     0.00816780  -0.00000003    -0.00000060  -0.00077587
 -0.00000353  -0.00077594     0.00000051  -0.00077591    -0.00008413   0.00000002
    4    1
 -0.01417071  -0.00057591    -0.00924916  -0.00028980     0.00001943  -0.00109153
 -0.00924693  -0.00046136    -0.01417866  -0.00007045     0.00001471  -0.00109164
  0.00002749  -0.00067017     0.00000947  -0.00067044    -0.00245428  -0.00003250
    4    2
 -0.09974250  -0.00268387    -0.00927191  -0.00126042    -0.00006599   0.00137631
 -0.00926963  -0.00143468    -0.09977614  -0.00023544    -0.00001841   0.00137699
 -0.00011235   0.00317658    -0.00004167   0.00317751    -0.12278165  -0.00162971
    4    3
  0.00816805  -0.00000004     0.00926333   0.00004911    -0.00000353   0.00077594
  0.00926337  -0.00004912     0.00816780   0.00000003     0.00000051   0.00077591
  0.00000341   0.00077584    -0.00000060   0.00077587    -0.00008413  -0.00000002
    4    4
  0.10594482   0.00000000     0.00933399   0.00004823     0.00001012   0.00111634
  0.00933399  -0.00004823     0.10594460   0.00000000    -0.00000053   0.00111637
  0.00001012  -0.00111634    -0.00000053  -0.00111637     0.12537240   0.00000000

     Dynamical  Matrix in cartesian axes

     q = (   -0.010000000  -0.010000000   0.000000000 ) 

    1    1
  0.10401224   0.00000000     0.00935451   0.00022281    -0.00004356   0.00107076
  0.00935451  -0.00022281     0.10400765   0.00000000     0.00000008   0.00107064
 -0.00004356  -0.00107076     0.00000008  -0.00107064     0.21665499   0.00000000
    1    2
  0.01041822  -0.00000000     0.00923468   0.00022033    -0.00002896   0.00126094
  0.00923462  -0.00022033     0.01041295   0.00000000     0.00000013   0.00126089
  0.00002906   0.00126089    -0.00000010   0.00126096    -0.09079813   0.00000010
    1    3
 -0.09974227  -0.00268392    -0.00926956  -0.00143465     0.00011242  -0.00317655
 -0.00927183  -0.00126045    -0.09977598  -0.00023542     0.00004173  -0.00317751
  0.00006604  -0.00137645     0.00001858  -0.00137700    -0.12278038  -0.00162977
    1    4
 -0.01417071  -0.00057591    -0.00924693  -0.00046136     0.00002749  -0.00067017
 -0.00924916  -0.00028980    -0.01417866  -0.00007045     0.00000947  -0.00067044
  0.00001943  -0.00109153     0.00001471  -0.00109164    -0.00245428  -0.00003250
    2    1
  0.01041822   0.00000000     0.00923462   0.00022033     0.00002906  -0.00126089
  0.00923468  -0.00022033     0.01041295  -0.00000000    -0.00000010  -0.00126096
 -0.00002896  -0.00126094     0.00000013  -0.00126089    -0.09079813  -0.00000010
    2    2
  0.10401001   0.00000000     0.00935464   0.00022283     0.00004383  -0.00107090
  0.00935464  -0.00022283     0.10400475   0.00000000     0.00000015  -0.00107079
  0.00004383   0.00107090     0.00000015   0.00107079     0.21642977   0.00000000
    2    3
 -0.01417093  -0.00057596    -0.00924692  -0.00046134    -0.00002738   0.00067030
 -0.00924917  -0.00028984    -0.01417871  -0.00007043    -0.00000938   0.00067051
 -0.00001954   0.00109153    -0.00001469   0.00109148    -0.00245452  -0.00003251
    2    4
 -0.09974250  -0.00268387    -0.00926963  -0.00143468    -0.00011235   0.00317658
 -0.00927191  -0.00126042    -0.09977614  -0.00023544    -0.00004167   0.00317751
 -0.00006599   0.00137631    -0.00001841   0.00137699    -0.12278165  -0.00162971
    3    1
 -0.09974227   0.00268392    -0.00927183   0.00126045     0.00006604   0.00137645
 -0.00926956   0.00143465    -0.09977598   0.00023542     0.00001858   0.00137700
  0.00011242   0.00317655     0.00004173   0.00317751    -0.12278038   0.00162977
    3    2
 -0.01417093   0.00057596    -0.00924917   0.00028984    -0.00001954  -0.00109153
 -0.00924692   0.00046134    -0.01417871   0.00007043    -0.00001469  -0.00109148
 -0.00002738  -0.00067030    -0.00000938  -0.00067051    -0.00245452   0.00003251
    3    3
  0.10596161   0.00000000     0.00933397  -0.00004835    -0.00001001   0.00111626
  0.00933397   0.00004835     0.10596127   0.00000000     0.00000036   0.00111631
 -0.00001001  -0.00111626     0.00000036  -0.00111631     0.12543721   0.00000000
    3    4
  0.00816805  -0.00000004     0.00926337  -0.00004912     0.00000341   0.00077584
  0.00926333   0.00004911     0.00816780   0.00000003    -0.00000060   0.00077587
 -0.00000353   0.00077594     0.00000051   0.00077591    -0.00008413  -0.00000002
    4    1
 -0.01417071   0.00057591    -0.00924916   0.00028980     0.00001943   0.00109153
 -0.00924693   0.00046136    -0.01417866   0.00007045     0.00001471   0.00109164
  0.00002749   0.00067017     0.00000947   0.00067044    -0.00245428   0.00003250
    4    2
 -0.09974250   0.00268387    -0.00927191   0.00126042    -0.00006599  -0.00137631
 -0.00926963   0.00143468    -0.09977614   0.00023544    -0.00001841  -0.00137699
 -0.00011235  -0.00317658    -0.00004167  -0.00317751    -0.12278165   0.00162971
    4    3
  0.00816805   0.00000004     0.00926333  -0.00004911    -0.00000353  -0.00077594
  0.00926337   0.00004912     0.00816780  -0.00000003     0.00000051  -0.00077591
  0.00000341  -0.00077584    -0.00000060  -0.00077587    -0.00008413   0.00000002
    4    4
  0.10594482   0.00000000     0.00933399  -0.00004823     0.00001012  -0.00111634
  0.00933399   0.00004823     0.10594460   0.00000000    -0.00000053  -0.00111637
  0.00001012   0.00111634    -0.00000053   0.00111637     0.12537240   0.00000000

     Effective Charges U-E: Z_{s,alpha}{beta}

     atom #    1
      0.137876482231E-03     -0.578433308456E-02      0.000000000000E+00      0.000000000000E+00      0.000000000000E+00      0.000000000000E+00
      0.283497408014E-07     -0.578430794843E-02      0.000000000000E+00      0.000000000000E+00      0.000000000000E+00      0.000000000000E+00
      0.153882763153E-03      0.764157567575E-07      0.000000000000E+00      0.000000000000E+00      0.000000000000E+00      0.000000000000E+00
     atom #    2
      0.137875693722E-03     -0.578434836090E-02      0.000000000000E+00      0.000000000000E+00      0.000000000000E+00      0.000000000000E+00
      0.244780359415E-07     -0.578433277032E-02      0.000000000000E+00      0.000000000000E+00      0.000000000000E+00      0.000000000000E+00
     -0.153829180696E-03     -0.681311445133E-07      0.000000000000E+00      0.000000000000E+00      0.000000000000E+00      0.000000000000E+00
     atom #    3
      0.304087255043E-04      0.576806797088E-02      0.000000000000E+00      0.000000000000E+00      0.000000000000E+00      0.000000000000E+00
     -0.418779422737E-07      0.576805833027E-02      0.000000000000E+00      0.000000000000E+00      0.000000000000E+00      0.000000000000E+00
      0.459876406681E-05      0.291081888199E-06      0.000000000000E+00      0.000000000000E+00      0.000000000000E+00      0.000000000000E+00
     atom #    4
      0.303853433231E-04      0.576805689544E-02      0.000000000000E+00      0.000000000000E+00      0.000000000000E+00      0.000000000000E+00
     -0.266851675401E-07      0.576807108053E-02      0.000000000000E+00      0.000000000000E+00      0.000000000000E+00      0.000000000000E+00
     -0.460850714731E-05     -0.336175520059E-06      0.000000000000E+00      0.000000000000E+00      0.000000000000E+00      0.000000000000E+00

     Diagonalizing the dynamical matrix

     q = (    0.010000000   0.010000000   0.000000000 ) 

 **************************************************************************
     freq (    1) =       0.167509 [THz] =       5.587491 [cm-1]
 ( -0.000848  0.011033 -0.000084  0.010414  0.498837 -0.006635 ) 
 ( -0.000887 -0.010249 -0.000368 -0.010862  0.499594 -0.006647 ) 
 ( -0.001377  0.020824 -0.000229  0.020221  0.499176 -0.000035 ) 
 ( -0.000371 -0.020110 -0.000232 -0.020711  0.500170  0.000000 ) 
     freq (    2) =       0.175933 [THz] =       5.868489 [cm-1]
 ( -0.258401  0.241038  0.261304 -0.237330 -0.000620 -0.000004 ) 
 ( -0.258649  0.241298  0.261564 -0.237539 -0.000631  0.000003 ) 
 ( -0.261995  0.237691  0.258582 -0.240871 -0.000625 -0.000019 ) 
 ( -0.262261  0.237985  0.258852 -0.241069 -0.000627  0.000000 ) 
     freq (    3) =       0.198471 [THz] =       6.620296 [cm-1]
 ( -0.033454 -0.351486 -0.028940 -0.352277 -0.000698 -0.000714 ) 
 ( -0.033518 -0.351827 -0.029004 -0.352624  0.000755 -0.000849 ) 
 ( -0.019666 -0.352638 -0.024072 -0.352758  0.011535 -0.001563 ) 
 ( -0.019749 -0.353003 -0.024163 -0.353126 -0.011474  0.000000 ) 
     freq (    4) =       1.103451 [THz] =      36.807160 [cm-1]
 (  0.338006 -0.129984 -0.338126  0.127859  0.000150 -0.000042 ) 
 ( -0.337665  0.129851  0.337779 -0.127730  0.000151 -0.000042 ) 
 (  0.324320 -0.119795 -0.321689  0.125131  0.000077  0.000000 ) 
 ( -0.324009  0.119679  0.321375 -0.125010  0.000079  0.000000 ) 
     freq (    5) =       1.108595 [THz] =      36.978755 [cm-1]
 (  0.005899  0.361367  0.003874  0.362046 -0.015049  0.000315 ) 
 ( -0.005895 -0.361010 -0.003869 -0.361679 -0.015078  0.000317 ) 
 ( -0.006786  0.344411 -0.000882  0.345056 -0.028716 -0.000002 ) 
 (  0.006777 -0.344078  0.000881 -0.344711 -0.028749  0.000000 ) 
     freq (    6) =       2.997197 [THz] =      99.975732 [cm-1]
 (  0.000042  0.001458  0.000022  0.001457 -0.339228  0.004504 ) 
 (  0.000044  0.001446  0.000022  0.001447  0.338457 -0.004494 ) 
 (  0.000124 -0.011728 -0.000006 -0.011728 -0.620819 -0.000001 ) 
 (  0.000125 -0.011710 -0.000005 -0.011711  0.619965  0.000000 ) 
     freq (    7) =       4.809167 [THz] =     160.416540 [cm-1]
 ( -0.013017 -0.273022 -0.004017 -0.272830 -0.038001  0.000672 ) 
 (  0.013021  0.273076  0.004016  0.272893 -0.038034  0.000672 ) 
 (  0.004860  0.417290  0.000596  0.416801  0.037966  0.000001 ) 
 ( -0.004864 -0.417329 -0.000594 -0.416853  0.038012  0.000000 ) 
     freq (    8) =       4.810882 [THz] =     160.473753 [cm-1]
 ( -0.253177  0.104733  0.256923 -0.096514  0.000097 -0.000064 ) 
 (  0.253576 -0.104896 -0.257326  0.096666  0.000096 -0.000064 ) 
 (  0.387789 -0.154428 -0.389823  0.150638  0.000059  0.000001 ) 
 ( -0.388334  0.154642  0.390368 -0.150851  0.000058  0.000000 ) 
     freq (    9) =       4.923967 [THz] =     164.245863 [cm-1]
 (  0.283680 -0.002631 -0.283742 -0.003504  0.000090 -0.000000 ) 
 (  0.283297 -0.002627 -0.283349 -0.003499 -0.000092  0.000001 ) 
 ( -0.412144 -0.001654  0.412155  0.000131 -0.000135 -0.000001 ) 
 ( -0.411519 -0.001652  0.411517  0.000129  0.000138  0.000000 ) 
     freq (   10) =       5.645746 [THz] =     188.321817 [cm-1]
 (  0.001096  0.025975  0.000344  0.025985 -0.398936  0.005287 ) 
 ( -0.001100 -0.026014 -0.000346 -0.026024 -0.399781  0.005298 ) 
 ( -0.000303 -0.028142 -0.000000 -0.028142  0.580612  0.000001 ) 
 (  0.000308  0.028180  0.000001  0.028180  0.581360  0.000000 ) 
     freq (   11) =       5.803442 [THz] =     193.581982 [cm-1]
 (  0.006452  0.283411  0.000147  0.283415 -0.000496  0.000219 ) 
 (  0.006452  0.283379  0.000147  0.283382  0.000450 -0.000221 ) 
 (  0.006954 -0.411692  0.005259 -0.411715  0.017899  0.000005 ) 
 (  0.006951 -0.411615  0.005258 -0.411637 -0.017825  0.000000 ) 
     freq (   12) =       6.455331 [THz] =     215.326669 [cm-1]
 ( -0.000142  0.000807 -0.000060  0.000805  0.554152 -0.007348 ) 
 ( -0.000141  0.000829 -0.000060  0.000827 -0.553304  0.007337 ) 
 (  0.000363 -0.009171  0.000104 -0.009171 -0.439942 -0.000001 ) 
 (  0.000363 -0.009189  0.000104 -0.009189  0.439059  0.000000 ) 
 **************************************************************************
