Dynamical matrix file
default                                                                    
  2    4   4   7.7271278   0.0000000   5.9661236   0.0000000   0.0000000   0.0000000
           1  'In  '    104650.205105250     
           2  'Se  '    71967.6374358595     
    1    1     -0.0000000050      0.5773502721      1.0573362323
    2    1     -0.0000000050      0.5773502721      1.7491692554
    3    2      0.5000000050      0.2886751317      0.7452704650
    4    2      0.5000000050      0.2886751317      2.0612350764

     Dynamical  Matrix in cartesian axes

     q = (    0.010000000   0.000000000   0.010000000 ) 

    1    1
  0.10792879   0.00000000    -0.00000020   0.00015827     0.00123096  -0.00113967
 -0.00000020  -0.00015827     0.09465846   0.00000000    -0.00002256  -0.00001469
  0.00123096   0.00113967    -0.00002256   0.00001469     0.21685742   0.00000000
    1    2
  0.01432961  -0.00012384     0.00000160   0.00015701     0.00123022  -0.00120945
 -0.00000157  -0.00015699     0.00118026  -0.00000002    -0.00001396  -0.00001468
  0.00123019  -0.00120920     0.00001398   0.00001470    -0.09061666  -0.00002767
    1    3
 -0.10366001   0.00329332     0.00003551   0.00112269    -0.00113005   0.00320965
  0.00003967   0.00124634    -0.09045753   0.00284275     0.00003576   0.00001357
 -0.00118935   0.00135016     0.00002370   0.00000248    -0.12294840   0.00388082
    1    4
 -0.01808841   0.00065663     0.00000458   0.00015261    -0.00120815   0.00073113
  0.00000978   0.00027489    -0.00492355   0.00015473     0.00000976   0.00001440
 -0.00119750   0.00107408     0.00000236   0.00000318    -0.00262144   0.00009300
    2    1
  0.01432961   0.00012384    -0.00000157   0.00015699     0.00123019   0.00120920
  0.00000160  -0.00015701     0.00118026   0.00000002     0.00001398  -0.00001470
  0.00123022   0.00120945    -0.00001396   0.00001468    -0.09061666   0.00002767
    2    2
  0.10792608   0.00000000     0.00000003   0.00015825     0.00123092   0.00113949
  0.00000003  -0.00015825     0.09465605   0.00000000     0.00002267  -0.00001469
  0.00123092  -0.00113949     0.00002267   0.00001469     0.21663192   0.00000000
    2    3
 -0.01809390   0.00048041     0.00000471   0.00015263    -0.00125177  -0.00065376
  0.00000747   0.00027499    -0.00492354   0.00015473    -0.00000882   0.00001498
 -0.00126251  -0.00099703    -0.00000211   0.00000332    -0.00262224   0.00007175
    2    4
 -0.10366240   0.00322200     0.00003473   0.00112269    -0.00132922  -0.00313228
  0.00003861   0.00124637    -0.09045764   0.00284276    -0.00003484   0.00001579
 -0.00127165  -0.00127311    -0.00002361   0.00000401    -0.12295060   0.00384688
    3    1
 -0.10366001  -0.00329332     0.00003967  -0.00124634    -0.00118935  -0.00135016
  0.00003551  -0.00112269    -0.09045753  -0.00284275     0.00002370  -0.00000248
 -0.00113005  -0.00320965     0.00003576  -0.00001357    -0.12294840  -0.00388082
    3    2
 -0.01809390  -0.00048041     0.00000747  -0.00027499    -0.00126251   0.00099703
  0.00000471  -0.00015263    -0.00492354  -0.00015473    -0.00000211  -0.00000332
 -0.00125177   0.00065376    -0.00000882  -0.00001498    -0.00262224  -0.00007175
    3    3
  0.10986916   0.00000000    -0.00000025  -0.00003441     0.00123052  -0.00110723
 -0.00000025   0.00003441     0.09660863   0.00000000    -0.00000527   0.00000320
  0.00123052   0.00110723    -0.00000527  -0.00000320     0.12561429   0.00000000
    3    4
  0.01209480  -0.00005247     0.00000031  -0.00003483     0.00123038  -0.00079411
 -0.00000000   0.00003486    -0.00109472  -0.00000000     0.00000204   0.00000322
  0.00123044  -0.00079404    -0.00000197  -0.00000325     0.00006984   0.00000636
    4    1
 -0.01808841  -0.00065663     0.00000978  -0.00027489    -0.00119750  -0.00107408
  0.00000458  -0.00015261    -0.00492355  -0.00015473     0.00000236  -0.00000318
 -0.00120815  -0.00073113     0.00000976  -0.00001440    -0.00262144  -0.00009300
    4    2
 -0.10366240  -0.00322200     0.00003861  -0.00124637    -0.00127165   0.00127311
  0.00003473  -0.00112269    -0.09045764  -0.00284276    -0.00002361  -0.00000401
 -0.00132922   0.00313228    -0.00003484  -0.00001579    -0.12295060  -0.00384688
    4    3
  0.01209480   0.00005247    -0.00000000  -0.00003486     0.00123044   0.00079404
  0.00000031   0.00003483    -0.00109472   0.00000000    -0.00000197   0.00000325
  0.00123038   0.00079411     0.00000204  -0.00000322     0.00006984  -0.00000636
    4    4
  0.10985200   0.00000000     0.00000048  -0.00003437     0.00123008   0.00110728
  0.00000048   0.00003437     0.09659135   0.00000000     0.00000555   0.00000317
  0.00123008  -0.00110728     0.00000555  -0.00000317     0.12555020   0.00000000

     Dynamical  Matrix in cartesian axes

     q = (   -0.010000000   0.000000000  -0.010000000 ) 

    1    1
  0.10792879   0.00000000    -0.00000020  -0.00015827     0.00123096   0.00113967
 -0.00000020   0.00015827     0.09465846   0.00000000    -0.00002256   0.00001469
  0.00123096  -0.00113967    -0.00002256  -0.00001469     0.21685742   0.00000000
    1    2
  0.01432961   0.00012384     0.00000160  -0.00015701     0.00123022   0.00120945
 -0.00000157   0.00015699     0.00118026   0.00000002    -0.00001396   0.00001468
  0.00123019   0.00120920     0.00001398  -0.00001470    -0.09061666   0.00002767
    1    3
 -0.10366001  -0.00329332     0.00003551  -0.00112269    -0.00113005  -0.00320965
  0.00003967  -0.00124634    -0.09045753  -0.00284275     0.00003576  -0.00001357
 -0.00118935  -0.00135016     0.00002370  -0.00000248    -0.12294840  -0.00388082
    1    4
 -0.01808841  -0.00065663     0.00000458  -0.00015261    -0.00120815  -0.00073113
  0.00000978  -0.00027489    -0.00492355  -0.00015473     0.00000976  -0.00001440
 -0.00119750  -0.00107408     0.00000236  -0.00000318    -0.00262144  -0.00009300
    2    1
  0.01432961  -0.00012384    -0.00000157  -0.00015699     0.00123019  -0.00120920
  0.00000160   0.00015701     0.00118026  -0.00000002     0.00001398   0.00001470
  0.00123022  -0.00120945    -0.00001396  -0.00001468    -0.09061666  -0.00002767
    2    2
  0.10792608   0.00000000     0.00000003  -0.00015825     0.00123092  -0.00113949
  0.00000003   0.00015825     0.09465605   0.00000000     0.00002267   0.00001469
  0.00123092   0.00113949     0.00002267  -0.00001469     0.21663192   0.00000000
    2    3
 -0.01809390  -0.00048041     0.00000471  -0.00015263    -0.00125177   0.00065376
  0.00000747  -0.00027499    -0.00492354  -0.00015473    -0.00000882  -0.00001498
 -0.00126251   0.00099703    -0.00000211  -0.00000332    -0.00262224  -0.00007175
    2    4
 -0.10366240  -0.00322200     0.00003473  -0.00112269    -0.00132922   0.00313228
  0.00003861  -0.00124637    -0.09045764  -0.00284276    -0.00003484  -0.00001579
 -0.00127165   0.00127311    -0.00002361  -0.00000401    -0.12295060  -0.00384688
    3    1
 -0.10366001   0.00329332     0.00003967   0.00124634    -0.00118935   0.00135016
  0.00003551   0.00112269    -0.09045753   0.00284275     0.00002370   0.00000248
 -0.00113005   0.00320965     0.00003576   0.00001357    -0.12294840   0.00388082
    3    2
 -0.01809390   0.00048041     0.00000747   0.00027499    -0.00126251  -0.00099703
  0.00000471   0.00015263    -0.00492354   0.00015473    -0.00000211   0.00000332
 -0.00125177  -0.00065376    -0.00000882   0.00001498    -0.00262224   0.00007175
    3    3
  0.10986916   0.00000000    -0.00000025   0.00003441     0.00123052   0.00110723
 -0.00000025  -0.00003441     0.09660863   0.00000000    -0.00000527  -0.00000320
  0.00123052  -0.00110723    -0.00000527   0.00000320     0.12561429   0.00000000
    3    4
  0.01209480   0.00005247     0.00000031   0.00003483     0.00123038   0.00079411
 -0.00000000  -0.00003486    -0.00109472   0.00000000     0.00000204  -0.00000322
  0.00123044   0.00079404    -0.00000197   0.00000325     0.00006984  -0.00000636
    4    1
 -0.01808841   0.00065663     0.00000978   0.00027489    -0.00119750   0.00107408
  0.00000458   0.00015261    -0.00492355   0.00015473     0.00000236   0.00000318
 -0.00120815   0.00073113     0.00000976   0.00001440    -0.00262144   0.00009300
    4    2
 -0.10366240   0.00322200     0.00003861   0.00124637    -0.00127165  -0.00127311
  0.00003473   0.00112269    -0.09045764   0.00284276    -0.00002361   0.00000401
 -0.00132922  -0.00313228    -0.00003484   0.00001579    -0.12295060   0.00384688
    4    3
  0.01209480  -0.00005247    -0.00000000   0.00003486     0.00123044  -0.00079404
  0.00000031  -0.00003483    -0.00109472  -0.00000000    -0.00000197  -0.00000325
  0.00123038  -0.00079411     0.00000204   0.00000322     0.00006984   0.00000636
    4    4
  0.10985200   0.00000000     0.00000048   0.00003437     0.00123008  -0.00110728
  0.00000048  -0.00003437     0.09659135   0.00000000     0.00000555  -0.00000317
  0.00123008   0.00110728     0.00000555   0.00000317     0.12555020   0.00000000

     Effective Charges U-E: Z_{s,alpha}{beta}

     atom #    1
     -0.136622791910E-03     -0.818216620016E-02      0.000000000000E+00      0.000000000000E+00      0.000000000000E+00      0.000000000000E+00
      0.975982637976E-04     -0.157112444994E-05      0.000000000000E+00      0.000000000000E+00      0.000000000000E+00      0.000000000000E+00
      0.982460393853E-04     -0.827825590205E-03      0.000000000000E+00      0.000000000000E+00      0.000000000000E+00      0.000000000000E+00
     atom #    2
      0.136622269298E-03     -0.818216097349E-02      0.000000000000E+00      0.000000000000E+00      0.000000000000E+00      0.000000000000E+00
      0.976028784782E-04      0.155137059615E-05      0.000000000000E+00      0.000000000000E+00      0.000000000000E+00      0.000000000000E+00
     -0.983890413204E-04     -0.827853022369E-03      0.000000000000E+00      0.000000000000E+00      0.000000000000E+00      0.000000000000E+00
     atom #    3
      0.320463080720E-03      0.816360864049E-02      0.000000000000E+00      0.000000000000E+00      0.000000000000E+00      0.000000000000E+00
      0.214955663141E-04     -0.942372943897E-06      0.000000000000E+00      0.000000000000E+00      0.000000000000E+00      0.000000000000E+00
      0.295090197790E-04      0.809680834248E-03      0.000000000000E+00      0.000000000000E+00      0.000000000000E+00      0.000000000000E+00
     atom #    4
     -0.320481899621E-03      0.816358204434E-02      0.000000000000E+00      0.000000000000E+00      0.000000000000E+00      0.000000000000E+00
      0.214658563402E-04      0.113806162938E-05      0.000000000000E+00      0.000000000000E+00      0.000000000000E+00      0.000000000000E+00
     -0.294370713221E-04      0.809617995631E-03      0.000000000000E+00      0.000000000000E+00      0.000000000000E+00      0.000000000000E+00

     Diagonalizing the dynamical matrix

     q = (    0.010000000   0.000000000   0.010000000 ) 

 **************************************************************************
     freq (    1) =       0.167155 [THz] =       5.575693 [cm-1]
 ( -0.004521 -0.010094  0.010627 -0.003550 -0.498643  0.015606 ) 
 ( -0.003862  0.011365  0.010516 -0.003551 -0.499399  0.015621 ) 
 ( -0.004148 -0.019917  0.010932 -0.003271 -0.499428 -0.000137 ) 
 ( -0.004167  0.021225  0.010437 -0.003276 -0.500394  0.000000 ) 
     freq (    2) =       0.168881 [THz] =       5.633264 [cm-1]
 (  0.000067 -0.003433  0.473035 -0.159796  0.011122 -0.000343 ) 
 (  0.000051 -0.003915  0.473504 -0.159954  0.011149 -0.000345 ) 
 (  0.002067  0.003033  0.478418 -0.145025  0.011151  0.000040 ) 
 (  0.002067  0.002118  0.478928 -0.145176  0.011167  0.000000 ) 
     freq (    3) =       0.180983 [THz] =       6.036927 [cm-1]
 ( -0.202734  0.456542  0.003562  0.000341  0.002720 -0.003386 ) 
 ( -0.203093  0.456901  0.003567  0.000337  0.001775 -0.003813 ) 
 ( -0.217032  0.450293 -0.002144 -0.002293 -0.004966 -0.007071 ) 
 ( -0.217553  0.450572 -0.002142 -0.002303  0.009707  0.000000 ) 
     freq (    4) =       1.102253 [THz] =      36.767211 [cm-1]
 ( -0.000115 -0.001938  0.441846 -0.257961  0.000109 -0.000043 ) 
 (  0.000111  0.001937 -0.441392  0.257696  0.000109 -0.000043 ) 
 (  0.002591  0.003021  0.429468 -0.232953  0.000071  0.000000 ) 
 ( -0.002593 -0.003015 -0.429049  0.232725  0.000073  0.000000 ) 
     freq (    5) =       1.104843 [THz] =      36.853610 [cm-1]
 (  0.016085  0.511332  0.001706 -0.000936 -0.010741  0.000344 ) 
 ( -0.015969 -0.510808 -0.001704  0.000931 -0.010762  0.000340 ) 
 ( -0.000093  0.488096 -0.003886 -0.000842 -0.020409  0.000006 ) 
 ( -0.000047 -0.487605  0.003882  0.000839 -0.020431  0.000000 ) 
     freq (    6) =       2.997409 [THz] =      99.982810 [cm-1]
 (  0.000057  0.001861  0.000014 -0.000000 -0.339126  0.010637 ) 
 (  0.000058  0.001851  0.000015 -0.000001  0.338353 -0.010807 ) 
 (  0.000004 -0.012298  0.000065  0.000000 -0.620899  0.000282 ) 
 ( -0.000008 -0.012281  0.000065  0.000000  0.620045  0.000000 ) 
     freq (    7) =       4.810032 [THz] =     160.445408 [cm-1]
 ( -0.011801 -0.386949 -0.006290 -0.000111 -0.026891  0.000856 ) 
 (  0.013219  0.387012  0.006297  0.000090 -0.026915  0.000879 ) 
 ( -0.000502  0.590369  0.002879  0.000462  0.026869 -0.000041 ) 
 ( -0.001554 -0.590466 -0.002887 -0.000459  0.026900  0.000000 ) 
     freq (    8) =       4.810888 [THz] =     160.473966 [cm-1]
 (  0.003073  0.005503 -0.347260  0.172619  0.000057 -0.000052 ) 
 ( -0.003078 -0.005509  0.347819 -0.172897  0.000056 -0.000051 ) 
 ( -0.001621 -0.002431  0.536869 -0.246159  0.000050  0.000000 ) 
 (  0.001624  0.002428 -0.537638  0.246512  0.000050  0.000000 ) 
     freq (    9) =       4.923976 [THz] =     164.246172 [cm-1]
 ( -0.000110 -0.004335  0.401159 -0.009713  0.000064 -0.000001 ) 
 ( -0.000105 -0.004332  0.400599 -0.009700 -0.000066  0.000002 ) 
 (  0.000015 -0.001075 -0.582835 -0.004201 -0.000096 -0.000001 ) 
 (  0.000007 -0.001070 -0.581921 -0.004194  0.000097  0.000000 ) 
     freq (   10) =       5.536340 [THz] =     184.672410 [cm-1]
 (  0.360582 -0.014374 -0.000116 -0.003985 -0.174232  0.010756 ) 
 (  0.358787 -0.038182 -0.000462 -0.003960 -0.174271  0.014640 ) 
 ( -0.524093  0.008456 -0.000116 -0.001045  0.253089 -0.020984 ) 
 ( -0.522863  0.035024  0.000023 -0.001049  0.254255  0.000000 ) 
     freq (   11) =       5.678190 [THz] =     189.404042 [cm-1]
 ( -0.174504  0.026919  0.000375  0.001933 -0.359632  0.008134 ) 
 ( -0.175470 -0.019376 -0.000295  0.001948 -0.360443  0.007274 ) 
 (  0.254546 -0.022368 -0.000138  0.000515  0.522864  0.010490 ) 
 (  0.253990  0.027368  0.000135  0.000518  0.523666  0.000000 ) 
     freq (   12) =       6.455755 [THz] =     215.340823 [cm-1]
 (  0.000014 -0.000745 -0.000058  0.000001  0.553922 -0.016573 ) 
 ( -0.000015 -0.000722 -0.000058  0.000002 -0.553048  0.017136 ) 
 ( -0.000040 -0.006919  0.000124  0.000000 -0.440129 -0.000857 ) 
 ( -0.000011 -0.006937  0.000125 -0.000000  0.439236  0.000000 ) 
 **************************************************************************
