atom no. 0
 -0.0248   0.0248   0.0000   0.0014  -1.1010  -7.1078 
 -7.1078   7.1078   0.0000  -1.1010  -0.0014   0.0248 
 -6.9296  -6.9296  -0.4199   0.0000   0.0000  -0.0000 


atom no. 1
  0.0267  -0.0267  -0.0000   0.0016   1.1043  -7.1589 
 -7.1589   7.1589  -0.0000   1.1043  -0.0016  -0.0267 
  6.9302   6.9302   0.4197  -0.0000  -0.0000   0.0000 


atom no. 2
  0.0238  -0.0238  -0.0000  -0.0008   0.4245  -1.6060 
 -1.6060   1.6060  -0.0000   0.4245   0.0008  -0.0238 
 -1.2440  -1.2440   0.4060  -0.0000  -0.0000  -0.0000 


atom no. 3
 -0.0250   0.0250   0.0000  -0.0002  -0.4255  -1.5571 
 -1.5571   1.5571   0.0000  -0.4255   0.0002   0.0250 
  1.2442   1.2442  -0.4064   0.0000   0.0000  -0.0000 


