atom no. 0
  0.00   0.00   0.00    -3.666e-10 +0.000e+00  -3.777e-10 +0.000e+00  -3.078e-07 -5.496e-21  
  0.01   0.00   0.00    +9.433e-09 -5.795e-03  +6.916e-05 +7.230e-09  +7.715e-05 -1.202e-08  
  0.02   0.00   0.00    -3.086e-09 -1.153e-02  +2.740e-04 -8.517e-10  +3.057e-04 -5.130e-08  
  0.00   0.01   0.00    +2.037e-08 -4.830e-09  -6.914e-05 -5.795e-03  +7.719e-05 -5.406e-09  
  0.00   0.02   0.00    -8.409e-09 -1.715e-09  -2.742e-04 -1.153e-02  +3.056e-04 -2.658e-07  
  0.00   0.00   0.01    +7.544e-09 +3.587e-08  +2.293e-09 -4.210e-08  -1.734e-05 -1.361e-03  
  0.00   0.00   0.02    +6.725e-09 -2.290e-08  -2.349e-09 +2.851e-09  -6.957e-05 -2.751e-03  
  0.01   0.01   0.00    +1.379e-04 -5.784e-03  +2.835e-08 -5.784e-03  +1.539e-04 +7.642e-08  
  0.01   0.00   0.01    -1.366e-04 -8.182e-03  +9.760e-05 -1.571e-06  +9.825e-05 -8.278e-04  
  0.00   0.01   0.01    +1.936e-08 -2.574e-09  -2.342e-04 -8.180e-03  +9.843e-05 -8.278e-04  
  0.01   0.02   0.00    +2.732e-04 -5.753e-03  -2.050e-04 -1.151e-02  +3.808e-04 -9.707e-08  
  0.02   0.01   0.00    +2.734e-04 -1.151e-02  +2.050e-04 -5.753e-03  +3.808e-04 +3.500e-07  
  0.01   0.00   0.02    -3.654e-04 -1.093e-02  +1.302e-04 -4.205e-06  +8.910e-05 -2.215e-03  
  0.02   0.00   0.01    -2.100e-04 -1.301e-02  +3.093e-04 -4.793e-06  +3.353e-04 -7.452e-04  
  0.00   0.01   0.02    -2.662e-09 +3.194e-09  -4.957e-04 -1.092e-02  +8.920e-05 -2.215e-03  
  0.00   0.02   0.01    +5.536e-09 -9.186e-09  -5.194e-04 -1.301e-02  +3.353e-04 -7.455e-04  


atom no. 1
  0.00   0.00   0.00    -5.242e-10 +0.000e+00  +6.879e-10 +0.000e+00  -4.777e-07 +2.007e-20  
  0.01   0.00   0.00    -2.722e-08 -5.795e-03  +6.913e-05 +2.131e-08  -7.725e-05 -4.683e-09  
  0.02   0.00   0.00    -2.054e-08 -1.153e-02  +2.740e-04 -5.793e-09  -3.056e-04 -3.120e-08  
  0.00   0.01   0.00    -4.451e-09 +1.935e-08  -6.914e-05 -5.795e-03  -7.723e-05 +5.417e-08  
  0.00   0.02   0.00    +5.561e-09 -1.165e-08  -2.742e-04 -1.153e-02  -3.056e-04 +2.465e-07  
  0.00   0.00   0.01    -3.335e-08 -4.001e-08  -6.232e-09 -6.550e-09  +1.743e-05 -1.361e-03  
  0.00   0.00   0.02    -2.838e-08 -3.208e-08  -3.813e-09 +9.326e-09  +6.954e-05 -2.751e-03  
  0.01   0.01   0.00    +1.379e-04 -5.784e-03  +2.448e-08 -5.784e-03  -1.538e-04 -6.813e-08  
  0.01   0.00   0.01    +1.366e-04 -8.182e-03  +9.760e-05 +1.551e-06  -9.839e-05 -8.279e-04  
  0.00   0.01   0.01    -1.095e-09 +2.658e-08  +3.905e-05 -8.184e-03  -9.829e-05 -8.278e-04  
  0.01   0.02   0.00    +2.732e-04 -5.753e-03  -2.050e-04 -1.151e-02  -3.808e-04 +7.564e-08  
  0.02   0.01   0.00    +2.734e-04 -1.151e-02  +2.050e-04 -5.753e-03  -3.808e-04 -3.387e-07  
  0.01   0.00   0.02    +3.655e-04 -1.093e-02  +1.302e-04 +4.234e-06  -8.914e-05 -2.215e-03  
  0.02   0.00   0.01    +2.100e-04 -1.301e-02  +3.093e-04 +4.784e-06  -3.353e-04 -7.452e-04  
  0.00   0.01   0.02    -3.315e-08 +2.096e-08  +2.353e-04 -1.093e-02  -8.903e-05 -2.215e-03  
  0.00   0.02   0.01    -1.211e-09 +1.725e-09  -9.941e-05 -1.302e-02  -3.353e-04 -7.450e-04  


atom no. 2
  0.00   0.00   0.00    -1.706e-09 +0.000e+00  +2.343e-09 +0.000e+00  -5.826e-08 -7.611e-21  
  0.01   0.00   0.00    -3.665e-08 +5.788e-03  +1.522e-05 -1.081e-08  +2.256e-06 +7.417e-09  
  0.02   0.00   0.00    -4.285e-09 +1.146e-02  +6.077e-05 +5.536e-10  +9.460e-06 +3.342e-10  
  0.00   0.01   0.00    -4.921e-08 +1.582e-09  -1.524e-05 +5.788e-03  +2.274e-06 -1.861e-07  
  0.00   0.02   0.00    -1.069e-08 -8.919e-09  -6.066e-05 +1.146e-02  +9.461e-06 -1.224e-06  
  0.00   0.00   0.01    -5.581e-08 -7.705e-08  -2.891e-08 +8.311e-08  +4.343e-05 +1.352e-03  
  0.00   0.00   0.02    -1.459e-08 +2.577e-08  +7.613e-08 +1.062e-07  +1.733e-04 +2.685e-03  
  0.01   0.01   0.00    +3.041e-05 +5.768e-03  -4.188e-08 +5.768e-03  +4.599e-06 +2.911e-07  
  0.01   0.00   0.01    +3.205e-04 +8.164e-03  +2.150e-05 -9.424e-07  +2.951e-05 +8.097e-04  
  0.00   0.01   0.01    +2.039e-08 -9.180e-09  +2.990e-04 +8.165e-03  +2.938e-05 +8.094e-04  
  0.01   0.02   0.00    +6.073e-05 +5.708e-03  -4.548e-05 +1.142e-02  +1.194e-05 -3.211e-07  
  0.02   0.01   0.00    +6.060e-05 +1.142e-02  +4.545e-05 +5.708e-03  +1.197e-05 +1.721e-06  
  0.01   0.00   0.02    +8.552e-04 +1.087e-02  +2.858e-05 -2.742e-06  +1.432e-04 +2.129e-03  
  0.02   0.00   0.01    +5.049e-04 +1.292e-02  +6.845e-05 -3.334e-06  +3.398e-05 +6.992e-04  
  0.00   0.01   0.02    -6.134e-08 -1.198e-08  +8.266e-04 +1.087e-02  +1.432e-04 +2.129e-03  
  0.00   0.02   0.01    +1.819e-08 +2.014e-08  +4.364e-04 +1.292e-02  +3.392e-05 +6.977e-04  


atom no. 3
  0.00   0.00   0.00    -3.601e-09 +0.000e+00  +6.698e-10 +0.000e+00  -1.621e-07 +7.945e-21  
  0.01   0.00   0.00    +1.654e-08 +5.788e-03  +1.522e-05 -3.563e-08  -2.303e-06 +1.061e-08  
  0.02   0.00   0.00    +1.129e-08 +1.146e-02  +6.079e-05 +9.478e-09  -9.398e-06 +7.435e-09  
  0.00   0.01   0.00    +1.997e-08 +1.714e-08  -1.527e-05 +5.788e-03  -2.281e-06 +1.450e-07  
  0.00   0.02   0.00    +2.066e-08 +2.340e-08  -6.071e-05 +1.146e-02  -9.442e-06 +1.284e-06  
  0.00   0.00   0.01    +8.629e-09 +1.197e-08  -1.412e-07 +6.857e-08  -4.335e-05 +1.352e-03  
  0.00   0.00   0.02    +2.858e-08 +5.328e-08  -8.783e-08 +4.081e-08  -1.734e-04 +2.685e-03  
  0.01   0.01   0.00    +3.039e-05 +5.768e-03  -2.669e-08 +5.768e-03  -4.609e-06 -3.362e-07  
  0.01   0.00   0.01    -3.205e-04 +8.164e-03  +2.147e-05 +1.138e-06  -2.944e-05 +8.096e-04  
  0.00   0.01   0.01    +1.063e-07 -5.269e-08  -3.420e-04 +8.162e-03  -2.952e-05 +8.098e-04  
  0.01   0.02   0.00    +6.069e-05 +5.708e-03  -4.552e-05 +1.142e-02  -1.189e-05 +3.251e-07  
  0.02   0.01   0.00    +6.060e-05 +1.142e-02  +4.548e-05 +5.708e-03  -1.194e-05 -1.701e-06  
  0.01   0.00   0.02    -8.551e-04 +1.087e-02  +2.854e-05 +2.805e-06  -1.432e-04 +2.129e-03  
  0.02   0.00   0.01    -5.049e-04 +1.292e-02  +6.851e-05 +3.370e-06  -3.392e-05 +6.991e-04  
  0.00   0.01   0.02    +7.205e-08 -4.883e-08  -8.837e-04 +1.086e-02  -1.433e-04 +2.129e-03  
  0.00   0.02   0.01    -5.040e-08 -1.488e-08  -5.733e-04 +1.291e-02  -3.403e-05 +7.005e-04  


