Dynamical matrix file
default                                                                    
  2    3   4   6.0189456   0.0000000   6.2792597   0.0000000   0.0000000   0.0000000
           1  'Mo  '    87453.0751262756     
           2  'S   '    29220.9024340635     
    1    1      0.0000000000      0.0000000000      0.6279259700
    2    2     -0.0000000005      0.5773502695      0.1368722625
    3    2     -0.0000000005      0.5773502695      1.1189796775

     Dynamical  Matrix in cartesian axes

     q = (    0.000000000   0.000000000   0.000000000 ) 

    1    1
  0.40565479   0.00000000     0.00000000   0.00000000    -0.00000006   0.00000000
  0.00000000   0.00000000     0.40565494   0.00000000    -0.00000000   0.00000000
 -0.00000006   0.00000000    -0.00000000   0.00000000     0.61201637   0.00000000
    1    2
 -0.20270931   0.00000000    -0.00000000   0.00000000    -0.00000001   0.00000000
 -0.00000000   0.00000000    -0.20270941   0.00000000    -0.00000006   0.00000000
 -0.00000001   0.00000000    -0.00000008   0.00000000    -0.30575414   0.00000000
    1    3
 -0.20270932   0.00000000    -0.00000000   0.00000000    -0.00000002   0.00000000
 -0.00000000   0.00000000    -0.20270944   0.00000000     0.00000005   0.00000000
  0.00000000   0.00000000     0.00000009   0.00000000    -0.30575420   0.00000000
    2    1
 -0.20270931   0.00000000    -0.00000000   0.00000000    -0.00000001   0.00000000
 -0.00000000   0.00000000    -0.20270941   0.00000000    -0.00000008   0.00000000
 -0.00000001   0.00000000    -0.00000006   0.00000000    -0.30575414   0.00000000
    2    2
  0.19411794   0.00000000    -0.00000000   0.00000000    -0.00000004   0.00000000
 -0.00000000   0.00000000     0.19411794   0.00000000    -0.00000005   0.00000000
 -0.00000004   0.00000000    -0.00000005   0.00000000     0.34364380   0.00000000
    2    3
  0.00858416   0.00000000     0.00000000   0.00000000     0.00000003   0.00000000
  0.00000000   0.00000000     0.00858422   0.00000000     0.00000004   0.00000000
  0.00000002   0.00000000    -0.00000004   0.00000000    -0.03788786   0.00000000
    3    1
 -0.20270932   0.00000000    -0.00000000   0.00000000     0.00000000   0.00000000
 -0.00000000   0.00000000    -0.20270944   0.00000000     0.00000009   0.00000000
 -0.00000002   0.00000000     0.00000005   0.00000000    -0.30575420   0.00000000
    3    2
  0.00858416   0.00000000     0.00000000   0.00000000     0.00000002   0.00000000
  0.00000000   0.00000000     0.00858422   0.00000000    -0.00000004   0.00000000
  0.00000003   0.00000000     0.00000004   0.00000000    -0.03788786   0.00000000
    3    3
  0.19412015   0.00000000     0.00000000   0.00000000    -0.00000001   0.00000000
  0.00000000   0.00000000     0.19412015   0.00000000     0.00000004   0.00000000
 -0.00000001   0.00000000     0.00000004   0.00000000     0.34364648   0.00000000

     Dielectric Tensor:

          5.345324281164         -0.000000046766         -0.000000002169
         -0.000000046775          5.345323947542         -0.000000000686
         -0.000000012903         -0.000000004921          1.341616169205

     Effective Charges E-U: Z_{alpha}{s,beta}

     atom #    1
         -0.987290915540          0.000000077732          0.000000790384
          0.000000067058         -0.987290680148          0.000000316001
          0.000000012643         -0.000000000770         -0.092715463470
     atom #    2
          0.493560551460          0.000000008358          0.000000149558
         -0.000000015354          0.493560561508          0.000000045315
         -0.000000003128         -0.000000018655          0.045888146305
     atom #    3
          0.493566731751         -0.000000043994          0.000000143941
         -0.000000014167          0.493566699553          0.000000080902
          0.000000004420         -0.000000007510          0.045892760864

     Diagonalizing the dynamical matrix

     q = (    0.000000000   0.000000000   0.000000000 ) 

 **************************************************************************
     freq (    1) =       0.128834 [THz] =       4.297446 [cm-1]
 (  0.005808  0.000000  0.577224  0.000000 -0.000012  0.000000 ) 
 (  0.005809  0.000000  0.577373  0.000000 -0.000012  0.000000 ) 
 (  0.005809  0.000000  0.577366  0.000000 -0.000012  0.000000 ) 
     freq (    2) =       0.128877 [THz] =       4.298879 [cm-1]
 (  0.577224  0.000000 -0.005808  0.000000  0.000177  0.000000 ) 
 (  0.577373  0.000000 -0.005809  0.000000  0.000177  0.000000 ) 
 (  0.577366  0.000000 -0.005809  0.000000  0.000177  0.000000 ) 
     freq (    3) =       0.195310 [THz] =       6.514852 [cm-1]
 (  0.000177  0.000000 -0.000014  0.000000 -0.577224  0.000000 ) 
 (  0.000177  0.000000 -0.000014  0.000000 -0.577415  0.000000 ) 
 (  0.000177  0.000000 -0.000013  0.000000 -0.577411  0.000000 ) 
     freq (    4) =       8.289741 [THz] =     276.515988 [cm-1]
 (  0.000000  0.000000  0.000004  0.000000  0.000000  0.000000 ) 
 ( -0.016866  0.000000 -0.706907  0.000000  0.000000  0.000000 ) 
 (  0.016866  0.000000  0.706904  0.000000  0.000000  0.000000 ) 
     freq (    5) =       8.289742 [THz] =     276.516027 [cm-1]
 (  0.000004  0.000000 -0.000000  0.000000  0.000000  0.000000 ) 
 ( -0.706907  0.000000  0.016866  0.000000 -0.000000  0.000000 ) 
 (  0.706904  0.000000 -0.016866  0.000000  0.000000  0.000000 ) 
     freq (    6) =      11.192201 [THz] =     373.331646 [cm-1]
 ( -0.427238  0.000000  0.008616  0.000000  0.000000  0.000000 ) 
 (  0.639159  0.000000 -0.012890  0.000000  0.000000  0.000000 ) 
 (  0.639169  0.000000 -0.012890  0.000000 -0.000000  0.000000 ) 
     freq (    7) =      11.192204 [THz] =     373.331724 [cm-1]
 (  0.008616  0.000000  0.427238  0.000000 -0.000000  0.000000 ) 
 ( -0.012889  0.000000 -0.639159  0.000000 -0.000001  0.000000 ) 
 ( -0.012890  0.000000 -0.639169  0.000000  0.000001  0.000000 ) 
     freq (    8) =      11.887603 [THz] =     396.527738 [cm-1]
 ( -0.000000  0.000000 -0.000000  0.000000  0.000004  0.000000 ) 
 (  0.000000  0.000000  0.000001  0.000000 -0.707110  0.000000 ) 
 (  0.000000  0.000000  0.000001  0.000000  0.707103  0.000000 ) 
     freq (    9) =      13.746010 [THz] =     458.517528 [cm-1]
 (  0.000000  0.000000 -0.000000  0.000000 -0.427351  0.000000 ) 
 (  0.000000  0.000000  0.000000  0.000000  0.639278  0.000000 ) 
 ( -0.000000  0.000000 -0.000000  0.000000  0.639292  0.000000 ) 
 **************************************************************************
