Dynamical matrix file
default                                                                    
  2    3   4   6.0189456   0.0000000   6.2792597   0.0000000   0.0000000   0.0000000
           1  'Mo  '    87453.0751262756     
           2  'S   '    29220.9024340635     
    1    1      0.0000000000      0.0000000000      0.6279259700
    2    2     -0.0000000005      0.5773502695      0.1368722625
    3    2     -0.0000000005      0.5773502695      1.1189796775

     Dynamical  Matrix in cartesian axes

     q = (    0.000000000   0.010000000   0.010000000 ) 

    1    1
  0.40576957   0.00000000    -0.00000002  -0.00000272     0.00000063   0.00000177
 -0.00000002   0.00000272     0.40891377   0.00000000     0.00027729  -0.00000891
  0.00000063  -0.00000177     0.00027729   0.00000891     0.61201542   0.00000000
    1    2
 -0.20249559   0.00857318    -0.00000004  -0.00000004    -0.00000000   0.00000002
  0.00000002  -0.00000006    -0.20406884   0.00622730    -0.00004494   0.00361006
  0.00000002  -0.00000004     0.00000325   0.00465211    -0.30543353   0.01109728
    1    3
 -0.20249557   0.00857321    -0.00000003  -0.00000005     0.00000000  -0.00000004
  0.00000002   0.00000009    -0.20406788   0.00624219    -0.00023294  -0.00359192
  0.00000001  -0.00000004    -0.00028186  -0.00464082    -0.30543463   0.01107353
    2    1
 -0.20249559  -0.00857318     0.00000002   0.00000006     0.00000002   0.00000004
 -0.00000004   0.00000004    -0.20406884  -0.00622730     0.00000325  -0.00465211
 -0.00000000  -0.00000002    -0.00004494  -0.00361006    -0.30543353  -0.01109728
    2    2
  0.19413253   0.00000000     0.00000034  -0.00000015     0.00000143  -0.00000016
  0.00000034   0.00000015     0.19494998   0.00000000     0.00006692  -0.00036086
  0.00000143   0.00000016     0.00006692   0.00036086     0.34358001   0.00000000
    2    3
  0.00856764   0.00000001    -0.00000002  -0.00000005    -0.00000002   0.00000001
  0.00000000  -0.00000005     0.00936850  -0.00000748     0.00006395  -0.00071181
 -0.00000001   0.00000001     0.00007626  -0.00071240    -0.03788004   0.00001212
    3    1
 -0.20249557  -0.00857321     0.00000002  -0.00000009     0.00000001   0.00000004
 -0.00000003   0.00000005    -0.20406788  -0.00624219    -0.00028186   0.00464082
  0.00000000   0.00000004    -0.00023294   0.00359192    -0.30543463  -0.01107353
    3    2
  0.00856764  -0.00000001     0.00000000   0.00000005    -0.00000001  -0.00000001
 -0.00000002   0.00000005     0.00936850   0.00000748     0.00007626   0.00071240
 -0.00000002  -0.00000001     0.00006395   0.00071181    -0.03788004  -0.00001212
    3    3
  0.19412967   0.00000000    -0.00000044   0.00000014     0.00000006   0.00000016
 -0.00000044  -0.00000014     0.19494873   0.00000000     0.00007030   0.00036137
  0.00000006  -0.00000016     0.00007030  -0.00036137     0.34358153   0.00000000

     Dynamical  Matrix in cartesian axes

     q = (    0.000000000  -0.010000000  -0.010000000 ) 

    1    1
  0.40576957   0.00000000    -0.00000002   0.00000272     0.00000063  -0.00000177
 -0.00000002  -0.00000272     0.40891377   0.00000000     0.00027729   0.00000891
  0.00000063   0.00000177     0.00027729  -0.00000891     0.61201542   0.00000000
    1    2
 -0.20249559  -0.00857318    -0.00000004   0.00000004    -0.00000000  -0.00000002
  0.00000002   0.00000006    -0.20406884  -0.00622730    -0.00004494  -0.00361006
  0.00000002   0.00000004     0.00000325  -0.00465211    -0.30543353  -0.01109728
    1    3
 -0.20249557  -0.00857321    -0.00000003   0.00000005     0.00000000   0.00000004
  0.00000002  -0.00000009    -0.20406788  -0.00624219    -0.00023294   0.00359192
  0.00000001   0.00000004    -0.00028186   0.00464082    -0.30543463  -0.01107353
    2    1
 -0.20249559   0.00857318     0.00000002  -0.00000006     0.00000002  -0.00000004
 -0.00000004  -0.00000004    -0.20406884   0.00622730     0.00000325   0.00465211
 -0.00000000   0.00000002    -0.00004494   0.00361006    -0.30543353   0.01109728
    2    2
  0.19413253   0.00000000     0.00000034   0.00000015     0.00000143   0.00000016
  0.00000034  -0.00000015     0.19494998   0.00000000     0.00006692   0.00036086
  0.00000143  -0.00000016     0.00006692  -0.00036086     0.34358001   0.00000000
    2    3
  0.00856764  -0.00000001    -0.00000002   0.00000005    -0.00000002  -0.00000001
  0.00000000   0.00000005     0.00936850   0.00000748     0.00006395   0.00071181
 -0.00000001  -0.00000001     0.00007626   0.00071240    -0.03788004  -0.00001212
    3    1
 -0.20249557   0.00857321     0.00000002   0.00000009     0.00000001  -0.00000004
 -0.00000003  -0.00000005    -0.20406788   0.00624219    -0.00028186  -0.00464082
  0.00000000  -0.00000004    -0.00023294  -0.00359192    -0.30543463   0.01107353
    3    2
  0.00856764   0.00000001     0.00000000  -0.00000005    -0.00000001   0.00000001
 -0.00000002  -0.00000005     0.00936850  -0.00000748     0.00007626  -0.00071240
 -0.00000002   0.00000001     0.00006395  -0.00071181    -0.03788004   0.00001212
    3    3
  0.19412967   0.00000000    -0.00000044  -0.00000014     0.00000006  -0.00000016
 -0.00000044   0.00000014     0.19494873   0.00000000     0.00007030  -0.00036137
  0.00000006   0.00000016     0.00007030   0.00036137     0.34358153   0.00000000

     Effective Charges U-E: Z_{s,alpha}{beta}

     atom #    1
      0.116082024021E-06      0.887895150075E-07      0.000000000000E+00      0.000000000000E+00      0.000000000000E+00      0.000000000000E+00
     -0.889334082078E-04      0.303026093879E-02      0.000000000000E+00      0.000000000000E+00      0.000000000000E+00      0.000000000000E+00
     -0.102951185952E-06      0.285607774364E-03      0.000000000000E+00      0.000000000000E+00      0.000000000000E+00      0.000000000000E+00
     atom #    2
      0.387735510341E-07      0.120988969739E-07      0.000000000000E+00      0.000000000000E+00      0.000000000000E+00      0.000000000000E+00
     -0.454382131483E-04     -0.153736997416E-02      0.000000000000E+00      0.000000000000E+00      0.000000000000E+00      0.000000000000E+00
     -0.102884048558E-03     -0.159278958305E-03      0.000000000000E+00      0.000000000000E+00      0.000000000000E+00      0.000000000000E+00
     atom #    3
     -0.996658009412E-07     -0.111853162524E-07      0.000000000000E+00      0.000000000000E+00      0.000000000000E+00      0.000000000000E+00
      0.324523578346E-04     -0.153780654779E-02      0.000000000000E+00      0.000000000000E+00      0.000000000000E+00      0.000000000000E+00
      0.102952283656E-03     -0.159810495869E-03      0.000000000000E+00      0.000000000000E+00      0.000000000000E+00      0.000000000000E+00

     Diagonalizing the dynamical matrix

     q = (    0.000000000   0.010000000   0.010000000 ) 

 **************************************************************************
     freq (    1) =       0.184512 [THz] =       6.154674 [cm-1]
 (  0.452485  0.357467  0.002889 -0.003547 -0.025138  0.000943 ) 
 (  0.437108  0.376414  0.002989 -0.004233 -0.025126  0.000060 ) 
 (  0.437114  0.376420  0.003002 -0.002679 -0.025197  0.000000 ) 
     freq (    2) =       0.197006 [THz] =       6.571411 [cm-1]
 ( -0.019731 -0.015579 -0.005129 -0.001448 -0.576127  0.020858 ) 
 ( -0.019058 -0.016407 -0.005187 -0.019389 -0.576625 -0.000105 ) 
 ( -0.019062 -0.016406 -0.004980  0.016182 -0.576656  0.000000 ) 
     freq (    3) =       0.245617 [THz] =       8.192914 [cm-1]
 (  0.003335  0.003264 -0.427998  0.387365  0.002468 -0.004630 ) 
 (  0.003197  0.003403 -0.439512  0.374216 -0.001264 -0.009093 ) 
 (  0.003195  0.003405 -0.439795  0.374057  0.006520  0.000000 ) 
     freq (    4) =       8.290380 [THz] =     276.537327 [cm-1]
 (  0.000002 -0.000004  0.000001 -0.000001  0.000004  0.000000 ) 
 (  0.322504 -0.629276  0.000159 -0.000286  0.000003  0.000005 ) 
 ( -0.322506  0.629279 -0.000161  0.000286  0.000006  0.000000 ) 
     freq (    5) =       8.292177 [THz] =     276.597258 [cm-1]
 (  0.000000  0.000001 -0.000025  0.000003 -0.006954  0.000251 ) 
 ( -0.000014 -0.000328  0.004355  0.706983 -0.011395  0.000011 ) 
 (  0.000014  0.000327 -0.004280 -0.706986 -0.011396  0.000000 ) 
     freq (    6) =      11.191983 [THz] =     373.324353 [cm-1]
 (  0.397592 -0.156702 -0.000017 -0.000059 -0.000001  0.000001 ) 
 ( -0.604145  0.209044  0.000022  0.000091  0.000016 -0.000004 ) 
 ( -0.604133  0.209040  0.000025  0.000090 -0.000014  0.000000 ) 
     freq (    7) =      11.233601 [THz] =     374.712607 [cm-1]
 (  0.000062 -0.000009  0.021418  0.426094 -0.000026 -0.000582 ) 
 ( -0.000093  0.000008 -0.012633 -0.638591 -0.032191  0.001743 ) 
 ( -0.000091  0.000011 -0.012508 -0.638587  0.032204  0.000000 ) 
     freq (    8) =      11.887702 [THz] =     396.531063 [cm-1]
 (  0.000004 -0.000001 -0.000409 -0.017211  0.000004  0.000070 ) 
 ( -0.000010  0.000002 -0.000144  0.018433 -0.706763 -0.000209 ) 
 ( -0.000004  0.000002 -0.000160  0.018432  0.706760  0.000000 ) 
     freq (    9) =      13.744374 [THz] =     458.462975 [cm-1]
 ( -0.000001 -0.000001 -0.000585  0.000029 -0.427102  0.015425 ) 
 (  0.000003  0.000000  0.000894  0.004003  0.639258  0.000227 ) 
 (  0.000001  0.000001  0.000858 -0.004014  0.639266  0.000000 ) 
 **************************************************************************
