Dynamical matrix file
default                                                                    
  2    3   4   6.0189456   0.0000000   6.2792597   0.0000000   0.0000000   0.0000000
           1  'Mo  '    87453.0751262756     
           2  'S   '    29220.9024340635     
    1    1      0.0000000000      0.0000000000      0.6279259700
    2    2     -0.0000000005      0.5773502695      0.1368722625
    3    2     -0.0000000005      0.5773502695      1.1189796775

     Dynamical  Matrix in cartesian axes

     q = (    0.010000000   0.000000000   0.020000000 ) 

    1    1
  0.40780714   0.00000000    -0.00000224  -0.00005828     0.00032870  -0.00000105
 -0.00000224   0.00005828     0.40576942   0.00000000    -0.00000006   0.00001031
  0.00032870   0.00000105    -0.00000006  -0.00001031     0.61206490   0.00000000
    1    2
 -0.20360354  -0.00000880     0.00000002   0.00121882    -0.00016495   0.00355462
  0.00000032   0.00119381    -0.20267321  -0.00000005     0.00003828  -0.00000478
 -0.00016524   0.00464740     0.00002605  -0.00000070    -0.30565721   0.00001405
    1    3
 -0.20360352   0.00000890     0.00000014   0.00121885    -0.00016497  -0.00355455
 -0.00000017   0.00119378    -0.20267324   0.00000000    -0.00003824  -0.00000483
 -0.00016527  -0.00464744    -0.00002595  -0.00000062    -0.30565747  -0.00001410
    2    1
 -0.20360354   0.00000880     0.00000032  -0.00119381    -0.00016524  -0.00464740
  0.00000002  -0.00121882    -0.20267321   0.00000005     0.00002605   0.00000070
 -0.00016495  -0.00355462     0.00003828   0.00000478    -0.30565721  -0.00001405
    2    2
  0.19467047   0.00000000    -0.00000016   0.00000208     0.00008227  -0.00033809
 -0.00000016  -0.00000208     0.19413297   0.00000000     0.00000203  -0.00000050
  0.00008227   0.00033809     0.00000203   0.00000050     0.34358852   0.00000000
    2    3
  0.00908885  -0.00000891    -0.00000001   0.00000171     0.00008300  -0.00073660
 -0.00000002  -0.00000171     0.00856760  -0.00000004     0.00000619  -0.00000037
  0.00008296  -0.00073660    -0.00000619   0.00000038    -0.03786717   0.00001422
    3    1
 -0.20360352  -0.00000890    -0.00000017  -0.00119378    -0.00016527   0.00464744
  0.00000014  -0.00121885    -0.20267324  -0.00000000    -0.00002595   0.00000062
 -0.00016497   0.00355455    -0.00003824   0.00000483    -0.30565747   0.00001410
    3    2
  0.00908885   0.00000891    -0.00000002   0.00000171     0.00008296   0.00073660
 -0.00000001  -0.00000171     0.00856760   0.00000004    -0.00000619  -0.00000038
  0.00008300   0.00073660     0.00000619   0.00000037    -0.03786717  -0.00001422
    3    3
  0.19466798   0.00000000    -0.00000088   0.00000198     0.00008136   0.00033799
 -0.00000088  -0.00000198     0.19413042   0.00000000    -0.00000196  -0.00000024
  0.00008136  -0.00033799    -0.00000196   0.00000024     0.34359008   0.00000000

     Dynamical  Matrix in cartesian axes

     q = (   -0.010000000   0.000000000  -0.020000000 ) 

    1    1
  0.40780714   0.00000000    -0.00000224   0.00005828     0.00032870   0.00000105
 -0.00000224  -0.00005828     0.40576942   0.00000000    -0.00000006  -0.00001031
  0.00032870  -0.00000105    -0.00000006   0.00001031     0.61206490   0.00000000
    1    2
 -0.20360354   0.00000880     0.00000002  -0.00121882    -0.00016495  -0.00355462
  0.00000032  -0.00119381    -0.20267321   0.00000005     0.00003828   0.00000478
 -0.00016524  -0.00464740     0.00002605   0.00000070    -0.30565721  -0.00001405
    1    3
 -0.20360352  -0.00000890     0.00000014  -0.00121885    -0.00016497   0.00355455
 -0.00000017  -0.00119378    -0.20267324  -0.00000000    -0.00003824   0.00000483
 -0.00016527   0.00464744    -0.00002595   0.00000062    -0.30565747   0.00001410
    2    1
 -0.20360354  -0.00000880     0.00000032   0.00119381    -0.00016524   0.00464740
  0.00000002   0.00121882    -0.20267321  -0.00000005     0.00002605  -0.00000070
 -0.00016495   0.00355462     0.00003828  -0.00000478    -0.30565721   0.00001405
    2    2
  0.19467047   0.00000000    -0.00000016  -0.00000208     0.00008227   0.00033809
 -0.00000016   0.00000208     0.19413297   0.00000000     0.00000203   0.00000050
  0.00008227  -0.00033809     0.00000203  -0.00000050     0.34358852   0.00000000
    2    3
  0.00908885   0.00000891    -0.00000001  -0.00000171     0.00008300   0.00073660
 -0.00000002   0.00000171     0.00856760   0.00000004     0.00000619   0.00000037
  0.00008296   0.00073660    -0.00000619  -0.00000038    -0.03786717  -0.00001422
    3    1
 -0.20360352   0.00000890    -0.00000017   0.00119378    -0.00016527  -0.00464744
  0.00000014   0.00121885    -0.20267324   0.00000000    -0.00002595  -0.00000062
 -0.00016497  -0.00355455    -0.00003824  -0.00000483    -0.30565747  -0.00001410
    3    2
  0.00908885  -0.00000891    -0.00000002  -0.00000171     0.00008296  -0.00073660
 -0.00000001   0.00000171     0.00856760  -0.00000004    -0.00000619   0.00000038
  0.00008300  -0.00073660     0.00000619  -0.00000037    -0.03786717   0.00001422
    3    3
  0.19466798   0.00000000    -0.00000088  -0.00000198     0.00008136  -0.00033799
 -0.00000088   0.00000198     0.19413042   0.00000000    -0.00000196   0.00000024
  0.00008136   0.00033799    -0.00000196  -0.00000024     0.34359008   0.00000000

     Effective Charges U-E: Z_{s,alpha}{beta}

     atom #    1
     -0.202762890686E-06      0.469842247376E-02      0.000000000000E+00      0.000000000000E+00      0.000000000000E+00      0.000000000000E+00
      0.138277751274E-03      0.151079835283E-06      0.000000000000E+00      0.000000000000E+00      0.000000000000E+00      0.000000000000E+00
      0.352294300329E-07      0.843531057170E-03      0.000000000000E+00      0.000000000000E+00      0.000000000000E+00      0.000000000000E+00
     atom #    2
     -0.121204273598E-03     -0.239834519462E-02      0.000000000000E+00      0.000000000000E+00      0.000000000000E+00      0.000000000000E+00
      0.100785027483E-04     -0.684157957747E-06      0.000000000000E+00      0.000000000000E+00      0.000000000000E+00      0.000000000000E+00
     -0.151468511303E-03     -0.511845547551E-03      0.000000000000E+00      0.000000000000E+00      0.000000000000E+00      0.000000000000E+00
     atom #    3
      0.121273715949E-03     -0.239834329149E-02      0.000000000000E+00      0.000000000000E+00      0.000000000000E+00      0.000000000000E+00
      0.100515757677E-04      0.620424795679E-06      0.000000000000E+00      0.000000000000E+00      0.000000000000E+00      0.000000000000E+00
      0.151437186113E-03     -0.511966252905E-03      0.000000000000E+00      0.000000000000E+00      0.000000000000E+00      0.000000000000E+00

     Diagonalizing the dynamical matrix

     q = (    0.010000000   0.000000000   0.020000000 ) 

 **************************************************************************
     freq (    1) =       0.184954 [THz] =       6.169398 [cm-1]
 ( -0.001075 -0.004787 -0.117092 -0.565171  0.005252  0.000040 ) 
 (  0.002226 -0.005307 -0.117101 -0.565358  0.005302  0.000086 ) 
 (  0.002228 -0.005635 -0.117101 -0.565366  0.005181  0.000000 ) 
     freq (    2) =       0.197664 [THz] =       6.593347 [cm-1]
 (  0.004324  0.001974  0.001068  0.005112  0.577031  0.000044 ) 
 (  0.004293  0.019782  0.000950  0.005141  0.577151  0.000088 ) 
 (  0.004298 -0.015823  0.001163  0.005140  0.577190  0.000000 ) 
     freq (    3) =       0.245506 [THz] =       8.189184 [cm-1]
 ( -0.420707  0.395263  0.003704 -0.003259  0.001823 -0.004360 ) 
 ( -0.420577  0.395362  0.001320 -0.005800 -0.002274 -0.008724 ) 
 ( -0.420851  0.395255  0.001319 -0.005800  0.005922  0.000000 ) 
     freq (    4) =       8.290395 [THz] =     276.537798 [cm-1]
 ( -0.000001  0.000001 -0.000003  0.000003 -0.000059  0.000004 ) 
 ( -0.003183  0.003207 -0.427736  0.563044 -0.000090 -0.000000 ) 
 (  0.003184 -0.003208  0.427739 -0.563047 -0.000091  0.000000 ) 
     freq (    5) =       8.292167 [THz] =     276.596924 [cm-1]
 (  0.000030 -0.000004 -0.000000 -0.000001  0.006961 -0.000004 ) 
 ( -0.000314 -0.706982  0.000595  0.004480  0.011392 -0.000008 ) 
 (  0.000224  0.706985 -0.000595 -0.004482  0.011393  0.000000 ) 
     freq (    6) =      11.191984 [THz] =     373.324402 [cm-1]
 ( -0.000116 -0.002743 -0.427218 -0.010550  0.000000  0.000001 ) 
 (  0.000080  0.007969  0.639044  0.015782  0.000591 -0.000001 ) 
 (  0.000078  0.007968  0.639033  0.015782 -0.000592  0.000000 ) 
     freq (    7) =      11.218365 [THz] =     374.204393 [cm-1]
 (  0.014381  0.426449 -0.002806 -0.000090 -0.000023 -0.000688 ) 
 ( -0.021604 -0.638374  0.007924  0.000007 -0.030232  0.002055 ) 
 ( -0.021454 -0.638369  0.007924  0.000010  0.030299  0.000000 ) 
     freq (    8) =      11.887542 [THz] =     396.525709 [cm-1]
 (  0.000005 -0.016362 -0.000202 -0.000001  0.000002  0.000081 ) 
 ( -0.000001  0.017157  0.000134  0.000001 -0.706806 -0.000241 ) 
 ( -0.000015  0.017156  0.000134  0.000001  0.706802  0.000000 ) 
     freq (    9) =      13.744877 [THz] =     458.479747 [cm-1]
 ( -0.000691  0.000000  0.000000 -0.000010 -0.427382 -0.000089 ) 
 (  0.001034  0.004004 -0.000018  0.000006  0.639257  0.000267 ) 
 (  0.001033 -0.004004  0.000018  0.000007  0.639266  0.000000 ) 
 **************************************************************************
