Dynamical matrix file
default                                                                    
  2    3   4   6.0189456   0.0000000   6.2792597   0.0000000   0.0000000   0.0000000
           1  'Mo  '    87453.0751262756     
           2  'S   '    29220.9024340635     
    1    1      0.0000000000      0.0000000000      0.6279259700
    2    2     -0.0000000005      0.5773502695      0.1368722625
    3    2     -0.0000000005      0.5773502695      1.1189796775

     Dynamical  Matrix in cartesian axes

     q = (    0.020000000   0.010000000   0.000000000 ) 

    1    1
  0.40941936   0.00000000     0.00162549  -0.00004853    -0.00000102   0.00000013
  0.00162549   0.00004853     0.40698847   0.00000000     0.00000018  -0.00000150
 -0.00000102  -0.00000013     0.00000018   0.00000150     0.61181708   0.00000000
    1    2
 -0.20363313   0.00850474    -0.00055206   0.00241271     0.00040555   0.00725802
 -0.00055284   0.00239291    -0.20276077   0.00609034     0.00023866   0.00362766
  0.00044077   0.00927956     0.00024645   0.00463881    -0.30488183   0.01105769
    1    3
 -0.20363311   0.00850469    -0.00055205   0.00241270    -0.00040549  -0.00725812
 -0.00055288   0.00239298    -0.20276071   0.00609033    -0.00023860  -0.00362774
 -0.00044092  -0.00927968    -0.00024632  -0.00463880    -0.30488225   0.01105763
    2    1
 -0.20363313  -0.00850474    -0.00055284  -0.00239291     0.00044077  -0.00927956
 -0.00055206  -0.00241271    -0.20276077  -0.00609034     0.00024645  -0.00463881
  0.00040555  -0.00725802     0.00023866  -0.00362766    -0.30488183  -0.01105769
    2    2
  0.19511463   0.00000000     0.00046879   0.00000149     0.00000732  -0.00075259
  0.00046879  -0.00000149     0.19441061   0.00000000     0.00000444  -0.00037637
  0.00000732   0.00075259     0.00000444   0.00037637     0.34330399   0.00000000
    2    3
  0.00937342   0.00000001     0.00043592   0.00000093     0.00002460  -0.00138728
  0.00043593  -0.00000091     0.00871956   0.00000001     0.00001865  -0.00069367
 -0.00002461  -0.00138736    -0.00001868  -0.00069370    -0.03789451   0.00000007
    3    1
 -0.20363311  -0.00850469    -0.00055288  -0.00239298    -0.00044092   0.00927968
 -0.00055205  -0.00241270    -0.20276071  -0.00609033    -0.00024632   0.00463880
 -0.00040549   0.00725812    -0.00023860   0.00362774    -0.30488225  -0.01105763
    3    2
  0.00937342  -0.00000001     0.00043593   0.00000091    -0.00002461   0.00138736
  0.00043592  -0.00000093     0.00871956  -0.00000001    -0.00001868   0.00069370
  0.00002460   0.00138728     0.00001865   0.00069367    -0.03789451  -0.00000007
    3    3
  0.19511123   0.00000000     0.00046869   0.00000172    -0.00000754   0.00075238
  0.00046869  -0.00000172     0.19440822   0.00000000    -0.00000510   0.00037637
 -0.00000754  -0.00075238    -0.00000510  -0.00037637     0.34330634   0.00000000

     Dynamical  Matrix in cartesian axes

     q = (   -0.020000000  -0.010000000   0.000000000 ) 

    1    1
  0.40941936   0.00000000     0.00162549   0.00004853    -0.00000102  -0.00000013
  0.00162549  -0.00004853     0.40698847   0.00000000     0.00000018   0.00000150
 -0.00000102   0.00000013     0.00000018  -0.00000150     0.61181708   0.00000000
    1    2
 -0.20363313  -0.00850474    -0.00055206  -0.00241271     0.00040555  -0.00725802
 -0.00055284  -0.00239291    -0.20276077  -0.00609034     0.00023866  -0.00362766
  0.00044077  -0.00927956     0.00024645  -0.00463881    -0.30488183  -0.01105769
    1    3
 -0.20363311  -0.00850469    -0.00055205  -0.00241270    -0.00040549   0.00725812
 -0.00055288  -0.00239298    -0.20276071  -0.00609033    -0.00023860   0.00362774
 -0.00044092   0.00927968    -0.00024632   0.00463880    -0.30488225  -0.01105763
    2    1
 -0.20363313   0.00850474    -0.00055284   0.00239291     0.00044077   0.00927956
 -0.00055206   0.00241271    -0.20276077   0.00609034     0.00024645   0.00463881
  0.00040555   0.00725802     0.00023866   0.00362766    -0.30488183   0.01105769
    2    2
  0.19511463   0.00000000     0.00046879  -0.00000149     0.00000732   0.00075259
  0.00046879   0.00000149     0.19441061   0.00000000     0.00000444   0.00037637
  0.00000732  -0.00075259     0.00000444  -0.00037637     0.34330399   0.00000000
    2    3
  0.00937342  -0.00000001     0.00043592  -0.00000093     0.00002460   0.00138728
  0.00043593   0.00000091     0.00871956  -0.00000001     0.00001865   0.00069367
 -0.00002461   0.00138736    -0.00001868   0.00069370    -0.03789451  -0.00000007
    3    1
 -0.20363311   0.00850469    -0.00055288   0.00239298    -0.00044092  -0.00927968
 -0.00055205   0.00241270    -0.20276071   0.00609033    -0.00024632  -0.00463880
 -0.00040549  -0.00725812    -0.00023860  -0.00362774    -0.30488225   0.01105763
    3    2
  0.00937342   0.00000001     0.00043593  -0.00000091    -0.00002461  -0.00138736
  0.00043592   0.00000093     0.00871956   0.00000001    -0.00001868  -0.00069370
  0.00002460  -0.00138728     0.00001865  -0.00069367    -0.03789451   0.00000007
    3    3
  0.19511123   0.00000000     0.00046869  -0.00000172    -0.00000754  -0.00075238
  0.00046869   0.00000172     0.19440822   0.00000000    -0.00000510  -0.00037637
 -0.00000754   0.00075238    -0.00000510   0.00037637     0.34330634   0.00000000

     Effective Charges U-E: Z_{s,alpha}{beta}

     atom #    1
      0.219365132039E-03      0.363873684638E-02      0.000000000000E+00      0.000000000000E+00      0.000000000000E+00      0.000000000000E+00
      0.164421406538E-03      0.181944791814E-02      0.000000000000E+00      0.000000000000E+00      0.000000000000E+00      0.000000000000E+00
      0.935385457979E-08      0.626516179344E-08      0.000000000000E+00      0.000000000000E+00      0.000000000000E+00      0.000000000000E+00
     atom #    2
      0.160509987215E-04     -0.194170610883E-02      0.000000000000E+00      0.000000000000E+00      0.000000000000E+00      0.000000000000E+00
      0.120517340900E-04     -0.970818386038E-03      0.000000000000E+00      0.000000000000E+00      0.000000000000E+00      0.000000000000E+00
     -0.320569572414E-03     -0.189527907312E-05      0.000000000000E+00      0.000000000000E+00      0.000000000000E+00      0.000000000000E+00
     atom #    3
      0.160418317406E-04     -0.194172137850E-02      0.000000000000E+00      0.000000000000E+00      0.000000000000E+00      0.000000000000E+00
      0.120749458093E-04     -0.970846410627E-03      0.000000000000E+00      0.000000000000E+00      0.000000000000E+00      0.000000000000E+00
      0.320622796742E-03      0.194495721776E-05      0.000000000000E+00      0.000000000000E+00      0.000000000000E+00      0.000000000000E+00

     Diagonalizing the dynamical matrix

     q = (    0.020000000   0.010000000   0.000000000 ) 

 **************************************************************************
     freq (    1) =       0.201797 [THz] =       6.731226 [cm-1]
 (  0.000356 -0.000406 -0.000038  0.000975  0.576128 -0.020888 ) 
 ( -0.000063  0.035100 -0.000378  0.018723  0.576405  0.000014 ) 
 (  0.000784 -0.035883  0.000253 -0.016769  0.576406  0.000000 ) 
     freq (    2) =       0.315144 [THz] =      10.512068 [cm-1]
 (  0.057888 -0.252967 -0.116544  0.502098 -0.001070 -0.000010 ) 
 (  0.062637 -0.252113 -0.128668  0.499440 -0.001017 -0.000096 ) 
 (  0.062631 -0.251986 -0.128673  0.499512 -0.001121  0.000000 ) 
     freq (    3) =       0.481558 [THz] =      16.063035 [cm-1]
 (  0.016981  0.515568  0.007783  0.259588 -0.000096 -0.000296 ) 
 ( -0.007526  0.515377 -0.006075  0.259475 -0.013492 -0.000598 ) 
 ( -0.007563  0.515397 -0.006094  0.259483  0.013321  0.000000 ) 
     freq (    4) =       8.292839 [THz] =     276.619327 [cm-1]
 (  0.000002 -0.000000 -0.000003  0.000001 -0.000036  0.000002 ) 
 (  0.310384 -0.059185 -0.621436  0.118210 -0.000055  0.000000 ) 
 ( -0.310385  0.059185  0.621439 -0.118211 -0.000053  0.000000 ) 
     freq (    5) =       8.301684 [THz] =     276.914379 [cm-1]
 ( -0.000000 -0.000005  0.000000 -0.000002  0.015486 -0.000584 ) 
 (  0.007772 -0.632046  0.004019 -0.315707  0.025451 -0.000002 ) 
 ( -0.007772  0.632049 -0.004020  0.315709  0.025451  0.000000 ) 
     freq (    6) =      11.190940 [THz] =     373.289571 [cm-1]
 (  0.190926 -0.009559 -0.382018  0.015914 -0.000001  0.000000 ) 
 ( -0.285803  0.009136  0.571640 -0.009973  0.000599 -0.000002 ) 
 ( -0.285797  0.009137  0.571631 -0.009973 -0.000599  0.000000 ) 
     freq (    7) =      11.237951 [THz] =     374.857710 [cm-1]
 (  0.024803  0.378128  0.010723  0.189158  0.000000  0.000001 ) 
 ( -0.010162 -0.568898 -0.000965 -0.284574 -0.074377 -0.000002 ) 
 ( -0.010162 -0.568885 -0.000967 -0.284569  0.074376  0.000000 ) 
     freq (    8) =      11.888852 [THz] =     396.569413 [cm-1]
 ( -0.002127 -0.035380 -0.001255 -0.017684  0.000004  0.000000 ) 
 (  0.000582  0.038420  0.000411  0.019211 -0.705248 -0.000000 ) 
 (  0.000581  0.038419  0.000408  0.019211  0.705240  0.000000 ) 
     freq (    9) =      13.736115 [THz] =     458.187470 [cm-1]
 (  0.000001 -0.000000  0.000000  0.000001 -0.427199  0.015494 ) 
 ( -0.000075  0.008043 -0.000058  0.004021  0.639172  0.000001 ) 
 (  0.000074 -0.008044  0.000056 -0.004022  0.639185  0.000000 ) 
 **************************************************************************
