Dynamical matrix file
default                                                                    
  2    3   4   6.0189456   0.0000000   6.2792597   0.0000000   0.0000000   0.0000000
           1  'Mo  '    87453.0751262756     
           2  'S   '    29220.9024340635     
    1    1      0.0000000000      0.0000000000      0.6279259700
    2    2     -0.0000000005      0.5773502695      0.1368722625
    3    2     -0.0000000005      0.5773502695      1.1189796775

     Dynamical  Matrix in cartesian axes

     q = (    0.020000000   0.000000000   0.010000000 ) 

    1    1
  0.40986966   0.00000000    -0.00000073  -0.00021738     0.00015392  -0.00000076
 -0.00000073   0.00021738     0.40608670   0.00000000    -0.00000006   0.00000722
  0.00015392   0.00000076    -0.00000006  -0.00000722     0.61187091   0.00000000
    1    2
 -0.20412439  -0.00000829    -0.00000001   0.00243119    -0.00007752   0.00725017
  0.00000049   0.00233844    -0.20256413   0.00000000     0.00014476  -0.00000449
 -0.00007830   0.00929111     0.00010393  -0.00000064    -0.30522239   0.00001325
    1    3
 -0.20412438   0.00000836     0.00000001   0.00243123    -0.00007735  -0.00725003
 -0.00000052   0.00233852    -0.20256410  -0.00000005    -0.00014479  -0.00000463
 -0.00007831  -0.00929118    -0.00010394  -0.00000072    -0.30522266  -0.00001321
    2    1
 -0.20412439   0.00000829     0.00000049  -0.00233844    -0.00007830  -0.00929111
 -0.00000001  -0.00243119    -0.20256413  -0.00000000     0.00010393   0.00000064
 -0.00007752  -0.00725017     0.00014476   0.00000449    -0.30522239  -0.00001325
    2    2
  0.19524142   0.00000000    -0.00000054   0.00000750     0.00003722  -0.00074395
 -0.00000054  -0.00000750     0.19416599   0.00000000     0.00000621  -0.00000017
  0.00003722   0.00074395     0.00000621   0.00000017     0.34337418   0.00000000
    2    3
  0.00952892  -0.00000849     0.00000004   0.00000483     0.00003992  -0.00139779
  0.00000001  -0.00000482     0.00851825  -0.00000001     0.00002533  -0.00000030
  0.00003996  -0.00139772    -0.00002531   0.00000033    -0.03788851   0.00001348
    3    1
 -0.20412438  -0.00000836    -0.00000052  -0.00233852    -0.00007831   0.00929118
  0.00000001  -0.00243123    -0.20256410   0.00000005    -0.00010394   0.00000072
 -0.00007735   0.00725003    -0.00014479   0.00000463    -0.30522266   0.00001321
    3    2
  0.00952892   0.00000849     0.00000001   0.00000482     0.00003996   0.00139772
  0.00000004  -0.00000483     0.00851825   0.00000001    -0.00002531  -0.00000033
  0.00003992   0.00139779     0.00002533   0.00000030    -0.03788851  -0.00001348
    3    3
  0.19524024   0.00000000    -0.00000065   0.00000794     0.00003802   0.00074367
 -0.00000065  -0.00000794     0.19416430   0.00000000    -0.00000786  -0.00000028
  0.00003802  -0.00074367    -0.00000786   0.00000028     0.34337440   0.00000000

     Dynamical  Matrix in cartesian axes

     q = (   -0.020000000   0.000000000  -0.010000000 ) 

    1    1
  0.40986966   0.00000000    -0.00000073   0.00021738     0.00015392   0.00000076
 -0.00000073  -0.00021738     0.40608670   0.00000000    -0.00000006  -0.00000722
  0.00015392  -0.00000076    -0.00000006   0.00000722     0.61187091   0.00000000
    1    2
 -0.20412439   0.00000829    -0.00000001  -0.00243119    -0.00007752  -0.00725017
  0.00000049  -0.00233844    -0.20256413  -0.00000000     0.00014476   0.00000449
 -0.00007830  -0.00929111     0.00010393   0.00000064    -0.30522239  -0.00001325
    1    3
 -0.20412438  -0.00000836     0.00000001  -0.00243123    -0.00007735   0.00725003
 -0.00000052  -0.00233852    -0.20256410   0.00000005    -0.00014479   0.00000463
 -0.00007831   0.00929118    -0.00010394   0.00000072    -0.30522266   0.00001321
    2    1
 -0.20412439  -0.00000829     0.00000049   0.00233844    -0.00007830   0.00929111
 -0.00000001   0.00243119    -0.20256413   0.00000000     0.00010393  -0.00000064
 -0.00007752   0.00725017     0.00014476  -0.00000449    -0.30522239   0.00001325
    2    2
  0.19524142   0.00000000    -0.00000054  -0.00000750     0.00003722   0.00074395
 -0.00000054   0.00000750     0.19416599   0.00000000     0.00000621   0.00000017
  0.00003722  -0.00074395     0.00000621  -0.00000017     0.34337418   0.00000000
    2    3
  0.00952892   0.00000849     0.00000004  -0.00000483     0.00003992   0.00139779
  0.00000001   0.00000482     0.00851825   0.00000001     0.00002533   0.00000030
  0.00003996   0.00139772    -0.00002531  -0.00000033    -0.03788851  -0.00001348
    3    1
 -0.20412438   0.00000836    -0.00000052   0.00233852    -0.00007831  -0.00929118
  0.00000001   0.00243123    -0.20256410  -0.00000005    -0.00010394  -0.00000072
 -0.00007735  -0.00725003    -0.00014479  -0.00000463    -0.30522266  -0.00001321
    3    2
  0.00952892  -0.00000849     0.00000001  -0.00000482     0.00003996  -0.00139772
  0.00000004   0.00000483     0.00851825  -0.00000001    -0.00002531   0.00000033
  0.00003992  -0.00139779     0.00002533  -0.00000030    -0.03788851   0.00001348
    3    3
  0.19524024   0.00000000    -0.00000065  -0.00000794     0.00003802  -0.00074367
 -0.00000065   0.00000794     0.19416430   0.00000000    -0.00000786   0.00000028
  0.00003802   0.00074367    -0.00000786  -0.00000028     0.34337440   0.00000000

     Effective Charges U-E: Z_{s,alpha}{beta}

     atom #    1
     -0.347137677596E-07      0.429944227185E-02      0.000000000000E+00      0.000000000000E+00      0.000000000000E+00      0.000000000000E+00
      0.257195872340E-03     -0.944448564458E-07      0.000000000000E+00      0.000000000000E+00      0.000000000000E+00      0.000000000000E+00
      0.671111103651E-07      0.215799251918E-03      0.000000000000E+00      0.000000000000E+00      0.000000000000E+00      0.000000000000E+00
     atom #    2
     -0.541826234182E-04     -0.226919021645E-02      0.000000000000E+00      0.000000000000E+00      0.000000000000E+00      0.000000000000E+00
      0.189522187807E-04     -0.600113341336E-06      0.000000000000E+00      0.000000000000E+00      0.000000000000E+00      0.000000000000E+00
     -0.300654835941E-03     -0.148107401834E-03      0.000000000000E+00      0.000000000000E+00      0.000000000000E+00      0.000000000000E+00
     atom #    3
      0.541210353776E-04     -0.226920058227E-02      0.000000000000E+00      0.000000000000E+00      0.000000000000E+00      0.000000000000E+00
      0.189611469646E-04      0.636845695479E-06      0.000000000000E+00      0.000000000000E+00      0.000000000000E+00      0.000000000000E+00
      0.300532273950E-03     -0.148062034170E-03      0.000000000000E+00      0.000000000000E+00      0.000000000000E+00      0.000000000000E+00

     Diagonalizing the dynamical matrix

     q = (    0.020000000   0.000000000   0.010000000 ) 

 **************************************************************************
     freq (    1) =       0.200833 [THz] =       6.699072 [cm-1]
 (  0.000714  0.000233  0.001680  0.001447  0.576645  0.000014 ) 
 (  0.000700  0.035771  0.001256  0.001455  0.576597  0.000028 ) 
 (  0.000699 -0.035268  0.002104  0.001455  0.576608  0.000000 ) 
     freq (    2) =       0.291306 [THz] =       9.716922 [cm-1]
 (  0.000490  0.000633  0.415372  0.400655 -0.002218 -0.000123 ) 
 ( -0.004060  0.005220  0.415589  0.400876 -0.002369 -0.000261 ) 
 ( -0.004072  0.005495  0.415590  0.400880 -0.002050  0.000000 ) 
     freq (    3) =       0.432731 [THz] =      14.434349 [cm-1]
 ( -0.035052  0.576411  0.000101 -0.000791 -0.000187 -0.000725 ) 
 ( -0.034978  0.576043 -0.006867 -0.001214 -0.012152 -0.001453 ) 
 ( -0.035066  0.576070 -0.006868 -0.001215  0.011779  0.000000 ) 
     freq (    4) =       8.292245 [THz] =     276.599513 [cm-1]
 ( -0.000000  0.000001 -0.000003  0.000000 -0.000170  0.000004 ) 
 ( -0.001448 -0.000170 -0.695166  0.129383 -0.000250  0.000000 ) 
 (  0.001448  0.000169  0.695168 -0.129384 -0.000244  0.000000 ) 
     freq (    5) =       8.299308 [THz] =     276.835113 [cm-1]
 (  0.000029 -0.000002  0.000001 -0.000001  0.013874 -0.000004 ) 
 ( -0.000311 -0.706670  0.000419  0.001392  0.022769 -0.000016 ) 
 (  0.000227  0.706671 -0.000419 -0.001396  0.022769  0.000000 ) 
     freq (    6) =      11.191208 [THz] =     373.298517 [cm-1]
 ( -0.000050 -0.006515 -0.427390 -0.001111 -0.000002  0.000001 ) 
 (  0.000055  0.017537  0.639011  0.001662  0.002537 -0.000006 ) 
 (  0.000054  0.017539  0.639004  0.001661 -0.002534  0.000000 ) 
     freq (    7) =      11.236594 [THz] =     374.812448 [cm-1]
 (  0.003133  0.424381 -0.006808 -0.000016 -0.000002 -0.000323 ) 
 ( -0.004770 -0.636601  0.017396 -0.000028 -0.065862  0.000963 ) 
 ( -0.004632 -0.636598  0.017394 -0.000028  0.065867  0.000000 ) 
     freq (    8) =      11.888473 [THz] =     396.556771 [cm-1]
 (  0.000004 -0.035145 -0.000761  0.000000  0.000000  0.000079 ) 
 (  0.000011  0.037973  0.000462 -0.000001 -0.705649 -0.000235 ) 
 ( -0.000017  0.037972  0.000456 -0.000000  0.705648  0.000000 ) 
     freq (    9) =      13.738229 [THz] =     458.257987 [cm-1]
 ( -0.000330  0.000001  0.000001 -0.000008 -0.427454 -0.000085 ) 
 (  0.000490  0.008036 -0.000075  0.000006  0.639199  0.000254 ) 
 (  0.000495 -0.008037  0.000071  0.000006  0.639201  0.000000 ) 
 **************************************************************************
