Dynamical matrix file
default                                                                    
  2    3   4   6.0189456   0.0000000   6.2792597   0.0000000   0.0000000   0.0000000
           1  'Mo  '    87453.0751262756     
           2  'S   '    29220.9024340635     
    1    1      0.0000000000      0.0000000000      0.6279259700
    2    2     -0.0000000005      0.5773502695      0.1368722625
    3    2     -0.0000000005      0.5773502695      1.1189796775

     Dynamical  Matrix in cartesian axes

     q = (    0.000000000   0.020000000   0.010000000 ) 

    1    1
  0.40607503   0.00000000     0.00000060   0.00000087     0.00000150  -0.00000106
  0.00000060  -0.00000087     0.40988145   0.00000000     0.00015456  -0.00000636
  0.00000150   0.00000106     0.00015456   0.00000636     0.61186879   0.00000000
    1    2
 -0.20185452   0.01712723     0.00000002   0.00000008     0.00000002   0.00000009
 -0.00000010  -0.00000007    -0.20375576   0.01247486     0.00030578   0.00725153
 -0.00000004  -0.00000002     0.00049177   0.00928057    -0.30441807   0.02214333
    1    3
 -0.20185450   0.01712720    -0.00000002   0.00000004    -0.00000001  -0.00000001
 -0.00000008  -0.00000005    -0.20375359   0.01249143    -0.00045958  -0.00723123
  0.00000004  -0.00000005    -0.00064777  -0.00926796    -0.30442028   0.02211705
    2    1
 -0.20185452  -0.01712723    -0.00000010   0.00000007    -0.00000004   0.00000002
  0.00000002  -0.00000008    -0.20375576  -0.01247486     0.00049177  -0.00928057
  0.00000002  -0.00000009     0.00030578  -0.00725153    -0.30441807  -0.02214333
    2    2
  0.19416544   0.00000000     0.00000037  -0.00000001    -0.00000025   0.00000012
  0.00000037   0.00000001     0.19524193   0.00000000     0.00003089  -0.00074346
 -0.00000025  -0.00000012     0.00003089   0.00074346     0.34337358   0.00000000
    2    3
  0.00851802   0.00000010    -0.00000002  -0.00000005    -0.00000002  -0.00000002
  0.00000002  -0.00000001     0.00952908  -0.00000849     0.00001529  -0.00139745
  0.00000001   0.00000001     0.00006449  -0.00139807    -0.03788851   0.00001351
    3    1
 -0.20185450  -0.01712720    -0.00000008   0.00000005     0.00000004   0.00000005
 -0.00000002  -0.00000004    -0.20375359  -0.01249143    -0.00064777   0.00926796
 -0.00000001   0.00000001    -0.00045958   0.00723123    -0.30442028  -0.02211705
    3    2
  0.00851802  -0.00000010     0.00000002   0.00000001     0.00000001  -0.00000001
 -0.00000002   0.00000005     0.00952908   0.00000849     0.00006449   0.00139807
 -0.00000002   0.00000002     0.00001529   0.00139745    -0.03788851  -0.00001351
    3    3
  0.19416420   0.00000000     0.00000011  -0.00000026     0.00000002   0.00000025
  0.00000011   0.00000026     0.19523963   0.00000000     0.00004430   0.00074433
  0.00000002  -0.00000025     0.00004430  -0.00074433     0.34337491   0.00000000

     Dynamical  Matrix in cartesian axes

     q = (    0.000000000  -0.020000000  -0.010000000 ) 

    1    1
  0.40607503   0.00000000     0.00000060  -0.00000087     0.00000150   0.00000106
  0.00000060   0.00000087     0.40988145   0.00000000     0.00015456   0.00000636
  0.00000150  -0.00000106     0.00015456  -0.00000636     0.61186879   0.00000000
    1    2
 -0.20185452  -0.01712723     0.00000002  -0.00000008     0.00000002  -0.00000009
 -0.00000010   0.00000007    -0.20375576  -0.01247486     0.00030578  -0.00725153
 -0.00000004   0.00000002     0.00049177  -0.00928057    -0.30441807  -0.02214333
    1    3
 -0.20185450  -0.01712720    -0.00000002  -0.00000004    -0.00000001   0.00000001
 -0.00000008   0.00000005    -0.20375359  -0.01249143    -0.00045958   0.00723123
  0.00000004   0.00000005    -0.00064777   0.00926796    -0.30442028  -0.02211705
    2    1
 -0.20185452   0.01712723    -0.00000010  -0.00000007    -0.00000004  -0.00000002
  0.00000002   0.00000008    -0.20375576   0.01247486     0.00049177   0.00928057
  0.00000002   0.00000009     0.00030578   0.00725153    -0.30441807   0.02214333
    2    2
  0.19416544   0.00000000     0.00000037   0.00000001    -0.00000025  -0.00000012
  0.00000037  -0.00000001     0.19524193   0.00000000     0.00003089   0.00074346
 -0.00000025   0.00000012     0.00003089  -0.00074346     0.34337358   0.00000000
    2    3
  0.00851802  -0.00000010    -0.00000002   0.00000005    -0.00000002   0.00000002
  0.00000002   0.00000001     0.00952908   0.00000849     0.00001529   0.00139745
  0.00000001  -0.00000001     0.00006449   0.00139807    -0.03788851  -0.00001351
    3    1
 -0.20185450   0.01712720    -0.00000008  -0.00000005     0.00000004  -0.00000005
 -0.00000002   0.00000004    -0.20375359   0.01249143    -0.00064777  -0.00926796
 -0.00000001  -0.00000001    -0.00045958  -0.00723123    -0.30442028   0.02211705
    3    2
  0.00851802   0.00000010     0.00000002  -0.00000001     0.00000001   0.00000001
 -0.00000002  -0.00000005     0.00952908  -0.00000849     0.00006449  -0.00139807
 -0.00000002  -0.00000002     0.00001529  -0.00139745    -0.03788851   0.00001351
    3    3
  0.19416420   0.00000000     0.00000011   0.00000026     0.00000002  -0.00000025
  0.00000011  -0.00000026     0.19523963   0.00000000     0.00004430  -0.00074433
  0.00000002   0.00000025     0.00004430   0.00074433     0.34337491   0.00000000

     Effective Charges U-E: Z_{s,alpha}{beta}

     atom #    1
     -0.242647785110E-07     -0.631220586956E-07      0.000000000000E+00      0.000000000000E+00      0.000000000000E+00      0.000000000000E+00
     -0.257677926979E-03      0.429954281153E-02      0.000000000000E+00      0.000000000000E+00      0.000000000000E+00      0.000000000000E+00
      0.125748938996E-07      0.215631868335E-03      0.000000000000E+00      0.000000000000E+00      0.000000000000E+00      0.000000000000E+00
     atom #    2
      0.668230341745E-07     -0.385016952317E-09      0.000000000000E+00      0.000000000000E+00      0.000000000000E+00      0.000000000000E+00
     -0.730328608690E-04     -0.226866358508E-02      0.000000000000E+00      0.000000000000E+00      0.000000000000E+00      0.000000000000E+00
     -0.300588532620E-03     -0.146279579621E-03      0.000000000000E+00      0.000000000000E+00      0.000000000000E+00      0.000000000000E+00
     atom #    3
     -0.235555447511E-07     -0.557767973027E-07      0.000000000000E+00      0.000000000000E+00      0.000000000000E+00      0.000000000000E+00
      0.352677102530E-04     -0.226981606275E-02      0.000000000000E+00      0.000000000000E+00      0.000000000000E+00      0.000000000000E+00
      0.300658196779E-03     -0.149687963038E-03      0.000000000000E+00      0.000000000000E+00      0.000000000000E+00      0.000000000000E+00

     Diagonalizing the dynamical matrix

     q = (    0.000000000   0.020000000   0.010000000 ) 

 **************************************************************************
     freq (    1) =       0.200435 [THz] =       6.685780 [cm-1]
 (  0.001198 -0.000627 -0.000468  0.000910 -0.575131  0.041800 ) 
 (  0.001246 -0.000524 -0.000945 -0.034642 -0.576623 -0.000021 ) 
 (  0.001247 -0.000523 -0.000105  0.036398 -0.576585  0.000000 ) 
     freq (    2) =       0.288408 [THz] =       9.620256 [cm-1]
 ( -0.510428  0.269309  0.000165 -0.000448 -0.001348  0.000102 ) 
 ( -0.531687  0.225325  0.000191 -0.000521 -0.001344  0.000008 ) 
 ( -0.531691  0.225326  0.000193 -0.000353 -0.001361  0.000000 ) 
     freq (    3) =       0.434590 [THz] =      14.496366 [cm-1]
 ( -0.000315  0.000362  0.008899  0.577404  0.000868 -0.000546 ) 
 ( -0.000345  0.000334 -0.026381  0.576612 -0.011085 -0.000967 ) 
 ( -0.000346  0.000334 -0.026441  0.576505  0.012874  0.000000 ) 
     freq (    4) =       8.292242 [THz] =     276.599410 [cm-1]
 ( -0.000001 -0.000002 -0.000000 -0.000000 -0.000012  0.000001 ) 
 ( -0.287931 -0.645828 -0.000017  0.000605 -0.000019 -0.000001 ) 
 (  0.287932  0.645830  0.000017 -0.000604 -0.000020  0.000000 ) 
     freq (    5) =       8.299304 [THz] =     276.834992 [cm-1]
 (  0.000000 -0.000001  0.000028 -0.000006  0.013840 -0.000994 ) 
 ( -0.000268 -0.000543 -0.008262 -0.706620  0.022771 -0.000016 ) 
 (  0.000268  0.000543  0.008178  0.706628  0.022770  0.000000 ) 
     freq (    6) =      11.191214 [THz] =     373.298705 [cm-1]
 ( -0.160533  0.396157  0.000018 -0.000035 -0.000000  0.000000 ) 
 (  0.289311 -0.570042 -0.000030  0.000050  0.000003  0.000001 ) 
 (  0.289307 -0.570037 -0.000030  0.000051 -0.000005  0.000000 ) 
     freq (    7) =      11.236585 [THz] =     374.812119 [cm-1]
 (  0.000005  0.000039  0.023125  0.423811 -0.000014 -0.000322 ) 
 ( -0.000004 -0.000059  0.004171 -0.636843 -0.065933  0.000963 ) 
 ( -0.000004 -0.000058  0.004309 -0.636829  0.065908  0.000000 ) 
     freq (    8) =      11.888473 [THz] =     396.556766 [cm-1]
 ( -0.000001 -0.000001 -0.001704 -0.035116  0.000007  0.000079 ) 
 (  0.000002  0.000001 -0.000573  0.037976 -0.705649 -0.000235 ) 
 (  0.000001  0.000002 -0.000601  0.037976  0.705648  0.000000 ) 
     freq (    9) =      13.738225 [THz] =     458.257843 [cm-1]
 ( -0.000001  0.000000 -0.000329  0.000031 -0.426335  0.030907 ) 
 ( -0.000000 -0.000000  0.000567  0.008031  0.639197  0.000254 ) 
 (  0.000000  0.000000  0.000419 -0.008041  0.639203  0.000000 ) 
 **************************************************************************
