Dynamical matrix file
default                                                                    
  2    3   4   6.0189456   0.0000000   6.2792597   0.0000000   0.0000000   0.0000000
           1  'Mo  '    87453.0751262756     
           2  'S   '    29220.9024340635     
    1    1      0.0000000000      0.0000000000      0.6279259700
    2    2     -0.0000000005      0.5773502695      0.1368722625
    3    2     -0.0000000005      0.5773502695      1.1189796775

     Dynamical  Matrix in cartesian axes

     q = (    0.010000000   0.020000000   0.000000000 ) 

    1    1
  0.40699432   0.00000000     0.00161263   0.00025366    -0.00000077  -0.00000014
  0.00161263  -0.00025366     0.40941517   0.00000000    -0.00000022   0.00000180
 -0.00000077   0.00000014    -0.00000022  -0.00000180     0.61181621   0.00000000
    1    2
 -0.20214074   0.01709304    -0.00055627   0.00117986     0.00040678   0.00361417
 -0.00054843   0.00128806    -0.20344344   0.01241261     0.00041979   0.00725673
  0.00044040   0.00462499     0.00059564   0.00927067    -0.30427974   0.02211617
    1    3
 -0.20214074   0.01709301    -0.00055625   0.00117989    -0.00040672  -0.00361412
 -0.00054840   0.00128798    -0.20344338   0.01241267    -0.00041976  -0.00725670
 -0.00044035  -0.00462496    -0.00059556  -0.00927083    -0.30427997   0.02211620
    2    1
 -0.20214074  -0.01709304    -0.00054843  -0.00128806     0.00044040  -0.00462499
 -0.00055627  -0.00117986    -0.20344344  -0.01241261     0.00059564  -0.00927067
  0.00040678  -0.00361417     0.00041979  -0.00725673    -0.30427974  -0.02211617
    2    2
  0.19441011   0.00000000     0.00046852  -0.00000900     0.00000618  -0.00037643
  0.00046852   0.00000900     0.19511336   0.00000000    -0.00000451  -0.00075245
  0.00000618   0.00037643    -0.00000451   0.00075245     0.34330541   0.00000000
    2    3
  0.00871965   0.00000000     0.00043575  -0.00000499     0.00002548  -0.00069365
  0.00043577   0.00000498     0.00937334  -0.00000000    -0.00001888  -0.00138733
 -0.00002548  -0.00069364     0.00001889  -0.00138731    -0.03789469   0.00000001
    3    1
 -0.20214074  -0.01709301    -0.00054840  -0.00128798    -0.00044035   0.00462496
 -0.00055625  -0.00117989    -0.20344338  -0.01241267    -0.00059556   0.00927083
 -0.00040672   0.00361412    -0.00041976   0.00725670    -0.30427997  -0.02211620
    3    2
  0.00871965  -0.00000000     0.00043577  -0.00000498    -0.00002548   0.00069364
  0.00043575   0.00000499     0.00937334   0.00000000     0.00001889   0.00138731
  0.00002548   0.00069365    -0.00001888   0.00138733    -0.03789469  -0.00000001
    3    3
  0.19440885   0.00000000     0.00046774  -0.00000936    -0.00000589   0.00037616
  0.00046774   0.00000936     0.19511237   0.00000000     0.00000510   0.00075243
 -0.00000589  -0.00037616     0.00000510  -0.00075243     0.34330488   0.00000000

     Dynamical  Matrix in cartesian axes

     q = (   -0.010000000  -0.020000000   0.000000000 ) 

    1    1
  0.40699432   0.00000000     0.00161263  -0.00025366    -0.00000077   0.00000014
  0.00161263   0.00025366     0.40941517   0.00000000    -0.00000022  -0.00000180
 -0.00000077  -0.00000014    -0.00000022   0.00000180     0.61181621   0.00000000
    1    2
 -0.20214074  -0.01709304    -0.00055627  -0.00117986     0.00040678  -0.00361417
 -0.00054843  -0.00128806    -0.20344344  -0.01241261     0.00041979  -0.00725673
  0.00044040  -0.00462499     0.00059564  -0.00927067    -0.30427974  -0.02211617
    1    3
 -0.20214074  -0.01709301    -0.00055625  -0.00117989    -0.00040672   0.00361412
 -0.00054840  -0.00128798    -0.20344338  -0.01241267    -0.00041976   0.00725670
 -0.00044035   0.00462496    -0.00059556   0.00927083    -0.30427997  -0.02211620
    2    1
 -0.20214074   0.01709304    -0.00054843   0.00128806     0.00044040   0.00462499
 -0.00055627   0.00117986    -0.20344344   0.01241261     0.00059564   0.00927067
  0.00040678   0.00361417     0.00041979   0.00725673    -0.30427974   0.02211617
    2    2
  0.19441011   0.00000000     0.00046852   0.00000900     0.00000618   0.00037643
  0.00046852  -0.00000900     0.19511336   0.00000000    -0.00000451   0.00075245
  0.00000618  -0.00037643    -0.00000451  -0.00075245     0.34330541   0.00000000
    2    3
  0.00871965  -0.00000000     0.00043575   0.00000499     0.00002548   0.00069365
  0.00043577  -0.00000498     0.00937334   0.00000000    -0.00001888   0.00138733
 -0.00002548   0.00069364     0.00001889   0.00138731    -0.03789469  -0.00000001
    3    1
 -0.20214074   0.01709301    -0.00054840   0.00128798    -0.00044035  -0.00462496
 -0.00055625   0.00117989    -0.20344338   0.01241267    -0.00059556  -0.00927083
 -0.00040672  -0.00361412    -0.00041976  -0.00725670    -0.30427997   0.02211620
    3    2
  0.00871965   0.00000000     0.00043577   0.00000498    -0.00002548  -0.00069364
  0.00043575  -0.00000499     0.00937334  -0.00000000     0.00001889  -0.00138731
  0.00002548  -0.00069365    -0.00001888  -0.00138733    -0.03789469   0.00000001
    3    3
  0.19440885   0.00000000     0.00046774   0.00000936    -0.00000589  -0.00037616
  0.00046774  -0.00000936     0.19511237   0.00000000     0.00000510  -0.00075243
 -0.00000589   0.00037616     0.00000510   0.00075243     0.34330488   0.00000000

     Effective Charges U-E: Z_{s,alpha}{beta}

     atom #    1
      0.218834557563E-03      0.181937985456E-02      0.000000000000E+00      0.000000000000E+00      0.000000000000E+00      0.000000000000E+00
     -0.164114781522E-03      0.363891472149E-02      0.000000000000E+00      0.000000000000E+00      0.000000000000E+00      0.000000000000E+00
      0.500412467574E-07      0.129936681734E-07      0.000000000000E+00      0.000000000000E+00      0.000000000000E+00      0.000000000000E+00
     atom #    2
      0.161121575894E-04     -0.970845625844E-03      0.000000000000E+00      0.000000000000E+00      0.000000000000E+00      0.000000000000E+00
     -0.121343095827E-04     -0.194175149779E-02      0.000000000000E+00      0.000000000000E+00      0.000000000000E+00      0.000000000000E+00
     -0.320602100428E-03      0.368766299391E-06      0.000000000000E+00      0.000000000000E+00      0.000000000000E+00      0.000000000000E+00
     atom #    3
      0.161372718527E-04     -0.970829808034E-03      0.000000000000E+00      0.000000000000E+00      0.000000000000E+00      0.000000000000E+00
     -0.121482170215E-04     -0.194170663231E-02      0.000000000000E+00      0.000000000000E+00      0.000000000000E+00      0.000000000000E+00
      0.320551470275E-03     -0.376359426377E-06      0.000000000000E+00      0.000000000000E+00      0.000000000000E+00      0.000000000000E+00

     Diagonalizing the dynamical matrix

     q = (    0.010000000   0.020000000   0.000000000 ) 

 **************************************************************************
     freq (    1) =       0.201538 [THz] =       6.722580 [cm-1]
 (  0.000375  0.000548 -0.000285 -0.000685  0.574990 -0.041794 ) 
 ( -0.000091  0.018323  0.000070  0.034793  0.576414 -0.000004 ) 
 (  0.000753 -0.017169 -0.000563 -0.036190  0.576398  0.000000 ) 
     freq (    2) =       0.318337 [THz] =      10.618587 [cm-1]
 ( -0.140635 -0.497258  0.069665  0.247241  0.000905  0.000163 ) 
 ( -0.099900 -0.507330  0.057259  0.250684  0.000970  0.000457 ) 
 ( -0.099886 -0.507387  0.057285  0.250574  0.000812  0.000000 ) 
     freq (    3) =       0.479531 [THz] =      15.995440 [cm-1]
 ( -0.019309 -0.256344 -0.037905 -0.515777 -0.000378 -0.000034 ) 
 (  0.005603 -0.256871 -0.005032 -0.516753  0.013033 -0.000122 ) 
 (  0.005599 -0.256852 -0.005039 -0.516710 -0.013783  0.000000 ) 
     freq (    4) =       8.292848 [THz] =     276.619623 [cm-1]
 ( -0.000001  0.000001 -0.000000  0.000001 -0.000213  0.000018 ) 
 ( -0.629855  0.061298  0.313989 -0.030582 -0.000317  0.000001 ) 
 (  0.629856 -0.061299 -0.313989  0.030582 -0.000317  0.000000 ) 
     freq (    5) =       8.301675 [THz] =     276.914072 [cm-1]
 (  0.000000 -0.000002 -0.000000 -0.000002  0.015455 -0.001119 ) 
 ( -0.000699 -0.315230 -0.001410 -0.632344  0.025449  0.000002 ) 
 (  0.000699  0.315231  0.001410  0.632345  0.025449  0.000000 ) 
     freq (    6) =      11.190932 [THz] =     373.289311 [cm-1]
 ( -0.381582  0.023351  0.190194 -0.020114 -0.000000  0.000000 ) 
 (  0.571461  0.011763 -0.285750  0.016382  0.003203 -0.000001 ) 
 (  0.571457  0.011764 -0.285751  0.016383 -0.003202  0.000000 ) 
     freq (    7) =      11.237966 [THz] =     374.858184 [cm-1]
 (  0.005709  0.189483  0.029119  0.377777  0.000000 -0.000001 ) 
 (  0.018444 -0.284254 -0.007290 -0.568806 -0.074301 -0.000000 ) 
 (  0.018442 -0.284249 -0.007289 -0.568801  0.074303  0.000000 ) 
     freq (    8) =      11.888854 [THz] =     396.569474 [cm-1]
 ( -0.002033 -0.017616 -0.001986 -0.035382 -0.000001  0.000000 ) 
 (  0.000444  0.019210 -0.000366  0.038417 -0.705244 -0.000000 ) 
 (  0.000445  0.019208 -0.000364  0.038416  0.705245  0.000000 ) 
     freq (    9) =      13.736112 [THz] =     458.187381 [cm-1]
 (  0.000000  0.000000 -0.000000 -0.000001 -0.426355  0.030989 ) 
 ( -0.000075  0.004021  0.000057  0.008044  0.639180  0.000000 ) 
 (  0.000075 -0.004022 -0.000056 -0.008043  0.639178  0.000000 ) 
 **************************************************************************
