Dynamical matrix file
default                                                                    
  2    3   4   6.0189456   0.0000000   6.2792597   0.0000000   0.0000000   0.0000000
           1  'Mo  '    87453.0751262756     
           2  'S   '    29220.9024340635     
    1    1      0.0000000000      0.0000000000      0.6279259700
    2    2     -0.0000000005      0.5773502695      0.1368722625
    3    2     -0.0000000005      0.5773502695      1.1189796775

     Dynamical  Matrix in cartesian axes

     q = (    0.000000000   0.010000000   0.020000000 ) 

    1    1
  0.40576951   0.00000000     0.00000059  -0.00000116     0.00000102   0.00000092
  0.00000059   0.00000116     0.40780487   0.00000000     0.00032991  -0.00000968
  0.00000102  -0.00000092     0.00032991   0.00000968     0.61206278   0.00000000
    1    2
 -0.20249565   0.00857315     0.00000007   0.00000001    -0.00000004  -0.00000000
  0.00000003  -0.00000012    -0.20351315   0.00618712    -0.00007378   0.00356443
 -0.00000002   0.00000001    -0.00002257   0.00465199    -0.30545544   0.01110023
    1    3
 -0.20249559   0.00857323     0.00000001  -0.00000000     0.00000007  -0.00000002
  0.00000003   0.00000002    -0.20351200   0.00620475    -0.00025558  -0.00354289
  0.00000003   0.00000001    -0.00030762  -0.00463858    -0.30545685   0.01107222
    2    1
 -0.20249565  -0.00857315     0.00000003   0.00000012    -0.00000002  -0.00000001
  0.00000007  -0.00000001    -0.20351315  -0.00618712    -0.00002257  -0.00465199
 -0.00000004   0.00000000    -0.00007378  -0.00356443    -0.30545544  -0.01110023
    2    2
  0.19413239   0.00000000    -0.00000008  -0.00000015     0.00000111   0.00000028
 -0.00000008   0.00000015     0.19467111   0.00000000     0.00008022  -0.00033750
  0.00000111  -0.00000028     0.00008022   0.00033750     0.34358836   0.00000000
    2    3
  0.00856752   0.00000008    -0.00000002  -0.00000004    -0.00000006  -0.00000004
 -0.00000001  -0.00000000     0.00908885  -0.00000883     0.00007688  -0.00073622
 -0.00000001  -0.00000000     0.00008903  -0.00073694    -0.03786710   0.00001426
    3    1
 -0.20249559  -0.00857323     0.00000003  -0.00000002     0.00000003  -0.00000001
  0.00000001   0.00000000    -0.20351200  -0.00620475    -0.00030762   0.00463858
  0.00000007   0.00000002    -0.00025558   0.00354289    -0.30545685  -0.01107222
    3    2
  0.00856752  -0.00000008    -0.00000001   0.00000000    -0.00000001   0.00000000
 -0.00000002   0.00000004     0.00908885   0.00000883     0.00008903   0.00073694
 -0.00000006   0.00000004     0.00007688   0.00073622    -0.03786710  -0.00001426
    3    3
  0.19413110   0.00000000    -0.00000026   0.00000001     0.00000053   0.00000010
 -0.00000026  -0.00000001     0.19466707   0.00000000     0.00008460   0.00033842
  0.00000053  -0.00000010     0.00008460  -0.00033842     0.34359015   0.00000000

     Dynamical  Matrix in cartesian axes

     q = (    0.000000000  -0.010000000  -0.020000000 ) 

    1    1
  0.40576951   0.00000000     0.00000059   0.00000116     0.00000102  -0.00000092
  0.00000059  -0.00000116     0.40780487   0.00000000     0.00032991   0.00000968
  0.00000102   0.00000092     0.00032991  -0.00000968     0.61206278   0.00000000
    1    2
 -0.20249565  -0.00857315     0.00000007  -0.00000001    -0.00000004   0.00000000
  0.00000003   0.00000012    -0.20351315  -0.00618712    -0.00007378  -0.00356443
 -0.00000002  -0.00000001    -0.00002257  -0.00465199    -0.30545544  -0.01110023
    1    3
 -0.20249559  -0.00857323     0.00000001   0.00000000     0.00000007   0.00000002
  0.00000003  -0.00000002    -0.20351200  -0.00620475    -0.00025558   0.00354289
  0.00000003  -0.00000001    -0.00030762   0.00463858    -0.30545685  -0.01107222
    2    1
 -0.20249565   0.00857315     0.00000003  -0.00000012    -0.00000002   0.00000001
  0.00000007   0.00000001    -0.20351315   0.00618712    -0.00002257   0.00465199
 -0.00000004  -0.00000000    -0.00007378   0.00356443    -0.30545544   0.01110023
    2    2
  0.19413239   0.00000000    -0.00000008   0.00000015     0.00000111  -0.00000028
 -0.00000008  -0.00000015     0.19467111   0.00000000     0.00008022   0.00033750
  0.00000111   0.00000028     0.00008022  -0.00033750     0.34358836   0.00000000
    2    3
  0.00856752  -0.00000008    -0.00000002   0.00000004    -0.00000006   0.00000004
 -0.00000001   0.00000000     0.00908885   0.00000883     0.00007688   0.00073622
 -0.00000001   0.00000000     0.00008903   0.00073694    -0.03786710  -0.00001426
    3    1
 -0.20249559   0.00857323     0.00000003   0.00000002     0.00000003   0.00000001
  0.00000001  -0.00000000    -0.20351200   0.00620475    -0.00030762  -0.00463858
  0.00000007  -0.00000002    -0.00025558  -0.00354289    -0.30545685   0.01107222
    3    2
  0.00856752   0.00000008    -0.00000001  -0.00000000    -0.00000001  -0.00000000
 -0.00000002  -0.00000004     0.00908885  -0.00000883     0.00008903  -0.00073694
 -0.00000006  -0.00000004     0.00007688  -0.00073622    -0.03786710   0.00001426
    3    3
  0.19413110   0.00000000    -0.00000026  -0.00000001     0.00000053  -0.00000010
 -0.00000026   0.00000001     0.19466707   0.00000000     0.00008460  -0.00033842
  0.00000053   0.00000010     0.00008460   0.00033842     0.34359015   0.00000000

     Effective Charges U-E: Z_{s,alpha}{beta}

     atom #    1
     -0.171507132660E-06     -0.355340895996E-06      0.000000000000E+00      0.000000000000E+00      0.000000000000E+00      0.000000000000E+00
     -0.138095412490E-03      0.469857940510E-02      0.000000000000E+00      0.000000000000E+00      0.000000000000E+00      0.000000000000E+00
     -0.150184451028E-06      0.843771273019E-03      0.000000000000E+00      0.000000000000E+00      0.000000000000E+00      0.000000000000E+00
     atom #    2
      0.196592194992E-06      0.113003651562E-06      0.000000000000E+00      0.000000000000E+00      0.000000000000E+00      0.000000000000E+00
     -0.131555720927E-03     -0.239769552888E-02      0.000000000000E+00      0.000000000000E+00      0.000000000000E+00      0.000000000000E+00
     -0.151523092944E-03     -0.511539512261E-03      0.000000000000E+00      0.000000000000E+00      0.000000000000E+00      0.000000000000E+00
     atom #    3
     -0.143397439552E-07      0.816668225254E-07      0.000000000000E+00      0.000000000000E+00      0.000000000000E+00      0.000000000000E+00
      0.111019671585E-03     -0.239894720096E-02      0.000000000000E+00      0.000000000000E+00      0.000000000000E+00      0.000000000000E+00
      0.151686113006E-03     -0.512490489182E-03      0.000000000000E+00      0.000000000000E+00      0.000000000000E+00      0.000000000000E+00

     Diagonalizing the dynamical matrix

     q = (    0.000000000   0.010000000   0.020000000 ) 

 **************************************************************************
     freq (    1) =       0.184683 [THz] =       6.160370 [cm-1]
 (  0.532849  0.220424  0.000246 -0.002052 -0.025674  0.000935 ) 
 (  0.523227  0.242849  0.000303 -0.002836 -0.025677  0.000006 ) 
 (  0.523231  0.242851  0.000313 -0.001250 -0.025719  0.000000 ) 
     freq (    2) =       0.197362 [THz] =       6.583293 [cm-1]
 ( -0.023738 -0.009825  0.000543  0.000584 -0.576123  0.020916 ) 
 ( -0.023308 -0.010824  0.000417 -0.017186 -0.576648  0.000012 ) 
 ( -0.023310 -0.010825  0.000631  0.018386 -0.576634  0.000000 ) 
     freq (    3) =       0.245325 [THz] =       8.183171 [cm-1]
 ( -0.002055 -0.000365 -0.063348 -0.573810 -0.000572 -0.000475 ) 
 ( -0.002039 -0.000453 -0.045845 -0.575528  0.005423 -0.000991 ) 
 ( -0.002039 -0.000453 -0.045876 -0.575504 -0.006507  0.000000 ) 
     freq (    4) =       8.290397 [THz] =     276.537889 [cm-1]
 ( -0.000001  0.000002 -0.000000  0.000000 -0.000015 -0.000001 ) 
 ( -0.292026  0.643986 -0.000185  0.001473 -0.000023 -0.000006 ) 
 (  0.292027 -0.643987  0.000186 -0.001473 -0.000024  0.000000 ) 
     freq (    5) =       8.292164 [THz] =     276.596812 [cm-1]
 ( -0.000000 -0.000000  0.000030 -0.000008  0.006957 -0.000249 ) 
 ( -0.000431  0.001421 -0.004155 -0.706980  0.011393 -0.000004 ) 
 (  0.000431 -0.001421  0.004065  0.706988  0.011392  0.000000 ) 
     freq (    6) =      11.191988 [THz] =     373.324541 [cm-1]
 (  0.424159 -0.052192  0.000007 -0.000065 -0.000002  0.000001 ) 
 ( -0.637235  0.051165 -0.000014  0.000097  0.000011 -0.000003 ) 
 ( -0.637229  0.051165 -0.000013  0.000097 -0.000008  0.000000 ) 
     freq (    7) =      11.218355 [THz] =     374.204033 [cm-1]
 (  0.000063 -0.000018  0.024149  0.426016 -0.000035 -0.000689 ) 
 ( -0.000096  0.000024 -0.016804 -0.638572 -0.030255  0.002059 ) 
 ( -0.000094  0.000024 -0.016655 -0.638558  0.030286  0.000000 ) 
     freq (    8) =      11.887540 [THz] =     396.525647 [cm-1]
 (  0.000002  0.000000 -0.000380 -0.016359  0.000005  0.000081 ) 
 ( -0.000007 -0.000002 -0.000145  0.017156 -0.706806 -0.000241 ) 
 ( -0.000000 -0.000000 -0.000155  0.017156  0.706802  0.000000 ) 
     freq (    9) =      13.744873 [THz] =     458.479598 [cm-1]
 ( -0.000001 -0.000001 -0.000691  0.000034 -0.427103  0.015412 ) 
 (  0.000003  0.000001  0.001053  0.003998  0.639257  0.000267 ) 
 (  0.000002  0.000001  0.001018 -0.004010  0.639266  0.000000 ) 
 **************************************************************************
