Dynamical matrix file
default                                                                    
  2    3   4   6.0189456   0.0000000   6.2792597   0.0000000   0.0000000   0.0000000
           1  'Mo  '    87453.0751262756     
           2  'S   '    29220.9024340635     
    1    1      0.0000000000      0.0000000000      0.6279259700
    2    2     -0.0000000005      0.5773502695      0.1368722625
    3    2     -0.0000000005      0.5773502695      1.1189796775

     Dynamical  Matrix in cartesian axes

     q = (    0.010000000   0.000000000   0.000000000 ) 

    1    1
  0.40967153   0.00000000     0.00000014  -0.00011359    -0.00000054   0.00000063
  0.00000014   0.00011359     0.40577241   0.00000000     0.00000033   0.00000037
 -0.00000054  -0.00000063     0.00000033  -0.00000037     0.61199321   0.00000000
    1    2
 -0.20453974  -0.00000009    -0.00000002   0.00121478     0.00000019   0.00363417
  0.00000002   0.00116640    -0.20267301  -0.00000002     0.00003591  -0.00000008
  0.00000012   0.00464932     0.00002583  -0.00000002    -0.30562001   0.00000006
    1    3
 -0.20453989  -0.00000005     0.00000008   0.00121477    -0.00000004  -0.00363410
  0.00000004   0.00116647    -0.20267299   0.00000004    -0.00003593   0.00000002
  0.00000006  -0.00464948    -0.00002595  -0.00000000    -0.30562035  -0.00000002
    2    1
 -0.20453974   0.00000009     0.00000002  -0.00116640     0.00000012  -0.00464932
 -0.00000002  -0.00121478    -0.20267301   0.00000002     0.00002583   0.00000002
  0.00000019  -0.00363417     0.00003591   0.00000008    -0.30562001  -0.00000006
    2    2
  0.19513983   0.00000000     0.00000020   0.00000416    -0.00000029  -0.00037693
  0.00000020  -0.00000416     0.19413328   0.00000000     0.00000126  -0.00000008
 -0.00000029   0.00037693     0.00000126   0.00000008     0.34357634   0.00000000
    2    3
  0.00955900  -0.00000001    -0.00000006   0.00000373     0.00000001  -0.00069571
  0.00000001  -0.00000373     0.00856767  -0.00000001     0.00000633  -0.00000001
 -0.00000008  -0.00069562    -0.00000636   0.00000003    -0.03788912  -0.00000000
    3    1
 -0.20453989   0.00000005     0.00000004  -0.00116647     0.00000006   0.00464948
  0.00000008  -0.00121477    -0.20267299  -0.00000004    -0.00002595   0.00000000
 -0.00000004   0.00363410    -0.00003593  -0.00000002    -0.30562035   0.00000002
    3    2
  0.00955900   0.00000001     0.00000001   0.00000373    -0.00000008   0.00069562
 -0.00000006  -0.00000373     0.00856767   0.00000001    -0.00000636  -0.00000003
  0.00000001   0.00069571     0.00000633   0.00000001    -0.03788912   0.00000000
    3    3
  0.19513864   0.00000000     0.00000013   0.00000396    -0.00000026   0.00037718
  0.00000013  -0.00000396     0.19413061   0.00000000    -0.00000148   0.00000002
 -0.00000026  -0.00037718    -0.00000148  -0.00000002     0.34357774   0.00000000

     Dynamical  Matrix in cartesian axes

     q = (   -0.010000000   0.000000000   0.000000000 ) 

    1    1
  0.40967153   0.00000000     0.00000014   0.00011359    -0.00000054  -0.00000063
  0.00000014  -0.00011359     0.40577241   0.00000000     0.00000033  -0.00000037
 -0.00000054   0.00000063     0.00000033   0.00000037     0.61199321   0.00000000
    1    2
 -0.20453974   0.00000009    -0.00000002  -0.00121478     0.00000019  -0.00363417
  0.00000002  -0.00116640    -0.20267301   0.00000002     0.00003591   0.00000008
  0.00000012  -0.00464932     0.00002583   0.00000002    -0.30562001  -0.00000006
    1    3
 -0.20453989   0.00000005     0.00000008  -0.00121477    -0.00000004   0.00363410
  0.00000004  -0.00116647    -0.20267299  -0.00000004    -0.00003593  -0.00000002
  0.00000006   0.00464948    -0.00002595   0.00000000    -0.30562035   0.00000002
    2    1
 -0.20453974  -0.00000009     0.00000002   0.00116640     0.00000012   0.00464932
 -0.00000002   0.00121478    -0.20267301  -0.00000002     0.00002583  -0.00000002
  0.00000019   0.00363417     0.00003591  -0.00000008    -0.30562001   0.00000006
    2    2
  0.19513983   0.00000000     0.00000020  -0.00000416    -0.00000029   0.00037693
  0.00000020   0.00000416     0.19413328   0.00000000     0.00000126   0.00000008
 -0.00000029  -0.00037693     0.00000126  -0.00000008     0.34357634   0.00000000
    2    3
  0.00955900   0.00000001    -0.00000006  -0.00000373     0.00000001   0.00069571
  0.00000001   0.00000373     0.00856767   0.00000001     0.00000633   0.00000001
 -0.00000008   0.00069562    -0.00000636  -0.00000003    -0.03788912   0.00000000
    3    1
 -0.20453989  -0.00000005     0.00000004   0.00116647     0.00000006  -0.00464948
  0.00000008   0.00121477    -0.20267299   0.00000004    -0.00002595  -0.00000000
 -0.00000004  -0.00363410    -0.00003593   0.00000002    -0.30562035  -0.00000002
    3    2
  0.00955900  -0.00000001     0.00000001  -0.00000373    -0.00000008  -0.00069562
 -0.00000006   0.00000373     0.00856767  -0.00000001    -0.00000636   0.00000003
  0.00000001  -0.00069571     0.00000633  -0.00000001    -0.03788912  -0.00000000
    3    3
  0.19513864   0.00000000     0.00000013  -0.00000396    -0.00000026  -0.00037718
  0.00000013   0.00000396     0.19413061   0.00000000    -0.00000148  -0.00000002
 -0.00000026   0.00037718    -0.00000148   0.00000002     0.34357774   0.00000000

     Effective Charges U-E: Z_{s,alpha}{beta}

     atom #    1
      0.317840142425E-07      0.190643965518E-02      0.000000000000E+00      0.000000000000E+00      0.000000000000E+00      0.000000000000E+00
      0.559109770305E-04      0.895470491540E-08      0.000000000000E+00      0.000000000000E+00      0.000000000000E+00      0.000000000000E+00
      0.252010003421E-07     -0.505049970430E-07      0.000000000000E+00      0.000000000000E+00      0.000000000000E+00      0.000000000000E+00
     atom #    2
      0.228871747443E-07     -0.965335615526E-03      0.000000000000E+00      0.000000000000E+00      0.000000000000E+00      0.000000000000E+00
      0.408732353732E-05     -0.860082864696E-08      0.000000000000E+00      0.000000000000E+00      0.000000000000E+00      0.000000000000E+00
     -0.657722150770E-04      0.411429587353E-07      0.000000000000E+00      0.000000000000E+00      0.000000000000E+00      0.000000000000E+00
     atom #    3
      0.178175648212E-07     -0.965410924836E-03      0.000000000000E+00      0.000000000000E+00      0.000000000000E+00      0.000000000000E+00
      0.406958406639E-05      0.237880906766E-07      0.000000000000E+00      0.000000000000E+00      0.000000000000E+00      0.000000000000E+00
      0.657495084986E-04     -0.504075508387E-08      0.000000000000E+00      0.000000000000E+00      0.000000000000E+00      0.000000000000E+00

     Diagonalizing the dynamical matrix

     q = (    0.010000000   0.000000000   0.000000000 ) 

 **************************************************************************
     freq (    1) =       0.186022 [THz] =       6.205017 [cm-1]
 ( -0.000593 -0.001058 -0.104044  0.567758 -0.002039 -0.000055 ) 
 ( -0.003806 -0.001710 -0.104071  0.567937 -0.002019 -0.000110 ) 
 ( -0.003810 -0.001585 -0.104073  0.567946 -0.002059  0.000000 ) 
     freq (    2) =       0.199261 [THz] =       6.646618 [cm-1]
 (  0.001720 -0.002232 -0.000308  0.002014  0.577065  0.000018 ) 
 (  0.001708  0.015570 -0.000399  0.002025  0.577226  0.000035 ) 
 (  0.001710 -0.020038 -0.000190  0.002025  0.577178  0.000000 ) 
     freq (    3) =       0.245438 [THz] =       8.186934 [cm-1]
 (  0.118477 -0.565012  0.000861 -0.000783 -0.002535  0.001228 ) 
 (  0.118447 -0.565104  0.004273 -0.000068  0.003322  0.002457 ) 
 (  0.118524 -0.564952  0.004272 -0.000068 -0.008392  0.000000 ) 
     freq (    4) =       8.290398 [THz] =     276.537927 [cm-1]
 ( -0.000000 -0.000000 -0.000004 -0.000002 -0.000042 -0.000002 ) 
 (  0.001743  0.000348 -0.634284 -0.312536 -0.000063 -0.000000 ) 
 ( -0.001743 -0.000348  0.634287  0.312538 -0.000063  0.000000 ) 
     freq (    5) =       8.292163 [THz] =     276.596796 [cm-1]
 (  0.000000 -0.000002 -0.000000 -0.000000  0.006958 -0.000001 ) 
 ( -0.000039 -0.706995  0.000457 -0.001718  0.011398 -0.000002 ) 
 (  0.000039  0.706996 -0.000457  0.001718  0.011397  0.000000 ) 
     freq (    6) =      11.191989 [THz] =     373.324561 [cm-1]
 (  0.000010 -0.002565 -0.427349  0.000133 -0.000000  0.000000 ) 
 ( -0.000014  0.007704  0.639242 -0.000200  0.000587  0.000000 ) 
 ( -0.000014  0.007703  0.639231 -0.000199 -0.000587  0.000000 ) 
     freq (    7) =      11.243979 [THz] =     375.058765 [cm-1]
 (  0.000013  0.426577 -0.002675  0.000011 -0.000000  0.000001 ) 
 ( -0.000020 -0.638617  0.007613 -0.000017 -0.033557 -0.000002 ) 
 ( -0.000020 -0.638612  0.007613 -0.000016  0.033558  0.000000 ) 
     freq (    8) =      11.887853 [THz] =     396.536088 [cm-1]
 ( -0.000001 -0.017815 -0.000192 -0.000000  0.000002 -0.000000 ) 
 (  0.000002  0.019332  0.000117  0.000000 -0.706732 -0.000000 ) 
 (  0.000001  0.019333  0.000117  0.000000  0.706728  0.000000 ) 
     freq (    9) =      13.744065 [THz] =     458.452648 [cm-1]
 (  0.000001 -0.000000 -0.000000 -0.000000 -0.427381 -0.000000 ) 
 ( -0.000001  0.004011 -0.000019 -0.000000  0.639259  0.000000 ) 
 ( -0.000001 -0.004011  0.000019  0.000000  0.639267  0.000000 ) 
 **************************************************************************
