Dynamical matrix file
default                                                                    
  2    3   4   6.0189456   0.0000000   6.2792597   0.0000000   0.0000000   0.0000000
           1  'Mo  '    87453.0751262756     
           2  'S   '    29220.9024340635     
    1    1      0.0000000000      0.0000000000      0.6279259700
    2    2     -0.0000000005      0.5773502695      0.1368722625
    3    2     -0.0000000005      0.5773502695      1.1189796775

     Dynamical  Matrix in cartesian axes

     q = (    0.020000000   0.000000000   0.000000000 ) 

    1    1
  0.41008006   0.00000000     0.00000018  -0.00022662     0.00000042  -0.00000114
  0.00000018   0.00022662     0.40608184   0.00000000     0.00000097  -0.00000054
  0.00000042   0.00000114     0.00000097   0.00000054     0.61185822   0.00000000
    1    2
 -0.20423121  -0.00000012    -0.00000003   0.00243032    -0.00000011   0.00726836
 -0.00000002   0.00233223    -0.20256397   0.00000001     0.00014367  -0.00000001
 -0.00000012   0.00929188     0.00010392  -0.00000004    -0.30521669   0.00000001
    1    3
 -0.20423121   0.00000004     0.00000005   0.00243036    -0.00000008  -0.00726831
 -0.00000006   0.00233228    -0.20256397   0.00000008    -0.00014367  -0.00000001
 -0.00000010  -0.00929187    -0.00010395   0.00000001    -0.30521682  -0.00000001
    2    1
 -0.20423121   0.00000012    -0.00000002  -0.00233223    -0.00000012  -0.00929188
 -0.00000003  -0.00243032    -0.20256397  -0.00000001     0.00010392   0.00000004
 -0.00000011  -0.00726836     0.00014367   0.00000001    -0.30521669  -0.00000001
    2    2
  0.19529589   0.00000000     0.00000035   0.00000809     0.00000042  -0.00075287
  0.00000035  -0.00000809     0.19416459   0.00000000     0.00000616  -0.00000002
  0.00000042   0.00075287     0.00000616   0.00000002     0.34337227   0.00000000
    2    3
  0.00958324  -0.00000007    -0.00000002   0.00000527     0.00000002  -0.00138821
  0.00000004  -0.00000526     0.00851823  -0.00000001     0.00002540   0.00000001
  0.00000003  -0.00138826    -0.00002542   0.00000001    -0.03789315  -0.00000005
    3    1
 -0.20423121  -0.00000004    -0.00000006  -0.00233228    -0.00000010   0.00929187
  0.00000005  -0.00243036    -0.20256397  -0.00000008    -0.00010395  -0.00000001
 -0.00000008   0.00726831    -0.00014367   0.00000001    -0.30521682   0.00000001
    3    2
  0.00958324   0.00000007     0.00000004   0.00000526     0.00000003   0.00138826
 -0.00000002  -0.00000527     0.00851823   0.00000001    -0.00002542  -0.00000001
  0.00000002   0.00138821     0.00002540  -0.00000001    -0.03789315   0.00000005
    3    3
  0.19529395   0.00000000    -0.00000004   0.00000821     0.00000079   0.00075266
 -0.00000004  -0.00000821     0.19416374   0.00000000    -0.00000650   0.00000004
  0.00000079  -0.00075266    -0.00000650  -0.00000004     0.34337245   0.00000000

     Dynamical  Matrix in cartesian axes

     q = (   -0.020000000   0.000000000   0.000000000 ) 

    1    1
  0.41008006   0.00000000     0.00000018   0.00022662     0.00000042   0.00000114
  0.00000018  -0.00022662     0.40608184   0.00000000     0.00000097   0.00000054
  0.00000042  -0.00000114     0.00000097  -0.00000054     0.61185822   0.00000000
    1    2
 -0.20423121   0.00000012    -0.00000003  -0.00243032    -0.00000011  -0.00726836
 -0.00000002  -0.00233223    -0.20256397  -0.00000001     0.00014367   0.00000001
 -0.00000012  -0.00929188     0.00010392   0.00000004    -0.30521669  -0.00000001
    1    3
 -0.20423121  -0.00000004     0.00000005  -0.00243036    -0.00000008   0.00726831
 -0.00000006  -0.00233228    -0.20256397  -0.00000008    -0.00014367   0.00000001
 -0.00000010   0.00929187    -0.00010395  -0.00000001    -0.30521682   0.00000001
    2    1
 -0.20423121  -0.00000012    -0.00000002   0.00233223    -0.00000012   0.00929188
 -0.00000003   0.00243032    -0.20256397   0.00000001     0.00010392  -0.00000004
 -0.00000011   0.00726836     0.00014367  -0.00000001    -0.30521669   0.00000001
    2    2
  0.19529589   0.00000000     0.00000035  -0.00000809     0.00000042   0.00075287
  0.00000035   0.00000809     0.19416459   0.00000000     0.00000616   0.00000002
  0.00000042  -0.00075287     0.00000616  -0.00000002     0.34337227   0.00000000
    2    3
  0.00958324   0.00000007    -0.00000002  -0.00000527     0.00000002   0.00138821
  0.00000004   0.00000526     0.00851823   0.00000001     0.00002540  -0.00000001
  0.00000003   0.00138826    -0.00002542  -0.00000001    -0.03789315   0.00000005
    3    1
 -0.20423121   0.00000004    -0.00000006   0.00233228    -0.00000010  -0.00929187
  0.00000005   0.00243036    -0.20256397   0.00000008    -0.00010395   0.00000001
 -0.00000008  -0.00726831    -0.00014367  -0.00000001    -0.30521682  -0.00000001
    3    2
  0.00958324  -0.00000007     0.00000004  -0.00000526     0.00000003  -0.00138826
 -0.00000002   0.00000527     0.00851823  -0.00000001    -0.00002542   0.00000001
  0.00000002  -0.00138821     0.00002540   0.00000001    -0.03789315  -0.00000005
    3    3
  0.19529395   0.00000000    -0.00000004  -0.00000821     0.00000079  -0.00075266
 -0.00000004   0.00000821     0.19416374   0.00000000    -0.00000650  -0.00000004
  0.00000079   0.00075266    -0.00000650   0.00000004     0.34337245   0.00000000

     Effective Charges U-E: Z_{s,alpha}{beta}

     atom #    1
      0.748030422399E-07      0.368181484580E-02      0.000000000000E+00      0.000000000000E+00      0.000000000000E+00      0.000000000000E+00
      0.219915523176E-03      0.543653933729E-07      0.000000000000E+00      0.000000000000E+00      0.000000000000E+00      0.000000000000E+00
     -0.891762383382E-08      0.940153529988E-07      0.000000000000E+00      0.000000000000E+00      0.000000000000E+00      0.000000000000E+00
     atom #    2
      0.651828182539E-07     -0.193882945420E-02      0.000000000000E+00      0.000000000000E+00      0.000000000000E+00      0.000000000000E+00
      0.161909767726E-04     -0.252014269301E-07      0.000000000000E+00      0.000000000000E+00      0.000000000000E+00      0.000000000000E+00
     -0.258111914221E-03     -0.847410976789E-07      0.000000000000E+00      0.000000000000E+00      0.000000000000E+00      0.000000000000E+00
     atom #    3
     -0.250882293052E-07     -0.193886520768E-02      0.000000000000E+00      0.000000000000E+00      0.000000000000E+00      0.000000000000E+00
      0.161978770342E-04      0.340687451005E-07      0.000000000000E+00      0.000000000000E+00      0.000000000000E+00      0.000000000000E+00
      0.258130788565E-03     -0.759788142878E-07      0.000000000000E+00      0.000000000000E+00      0.000000000000E+00      0.000000000000E+00

     Diagonalizing the dynamical matrix

     q = (    0.020000000   0.000000000   0.000000000 ) 

 **************************************************************************
     freq (    1) =       0.200320 [THz] =       6.681941 [cm-1]
 ( -0.000369  0.000327 -0.000542  0.000486  0.576649 -0.000008 ) 
 ( -0.000374  0.035840 -0.000967  0.000482  0.576600 -0.000016 ) 
 ( -0.000376 -0.035200 -0.000123  0.000482  0.576613  0.000000 ) 
     freq (    2) =       0.290552 [THz] =       9.691775 [cm-1]
 (  0.000869  0.000945 -0.476417  0.325712 -0.000721 -0.000095 ) 
 ( -0.002817 -0.004501 -0.476684  0.325898 -0.000576 -0.000189 ) 
 ( -0.002830 -0.004411 -0.476688  0.325899 -0.000867  0.000000 ) 
     freq (    3) =       0.432727 [THz] =      14.434203 [cm-1]
 (  0.018313  0.577189  0.001450  0.000138 -0.000313  0.000381 ) 
 (  0.018276  0.576821 -0.005524  0.000358 -0.012295  0.000761 ) 
 (  0.018323  0.576866 -0.005525  0.000360  0.011668  0.000000 ) 
     freq (    4) =       8.292223 [THz] =     276.598798 [cm-1]
 ( -0.000001  0.000000 -0.000001 -0.000000 -0.000167 -0.000001 ) 
 (  0.000338 -0.000386 -0.706454 -0.030356 -0.000245 -0.000000 ) 
 ( -0.000337  0.000386  0.706455  0.030356 -0.000244  0.000000 ) 
     freq (    5) =       8.299303 [THz] =     276.834934 [cm-1]
 (  0.000000 -0.000003  0.000000 -0.000001  0.013874  0.000002 ) 
 (  0.000067 -0.706671  0.000387 -0.000321  0.022770  0.000004 ) 
 ( -0.000067  0.706673 -0.000387  0.000321  0.022771  0.000000 ) 
     freq (    6) =      11.191185 [THz] =     373.297735 [cm-1]
 (  0.000012 -0.006358 -0.427393  0.000444 -0.000000  0.000000 ) 
 ( -0.000009  0.017300  0.639018 -0.000664  0.002523 -0.000001 ) 
 ( -0.000011  0.017300  0.639014 -0.000663 -0.002524  0.000000 ) 
     freq (    7) =      11.239460 [THz] =     374.908019 [cm-1]
 (  0.000028  0.424341 -0.006660  0.000019  0.000000 -0.000002 ) 
 ( -0.000042 -0.636567  0.017149 -0.000030 -0.066625  0.000003 ) 
 ( -0.000041 -0.636559  0.017149 -0.000028  0.066623  0.000000 ) 
     freq (    8) =      11.888592 [THz] =     396.560749 [cm-1]
 ( -0.000001 -0.035483 -0.000759 -0.000000  0.000000 -0.000000 ) 
 ( -0.000000  0.038480  0.000457  0.000001 -0.705613 -0.000000 ) 
 (  0.000004  0.038479  0.000455  0.000001  0.705612  0.000000 ) 
     freq (    9) =      13.738089 [THz] =     458.253336 [cm-1]
 ( -0.000001  0.000001 -0.000000  0.000000 -0.427455  0.000000 ) 
 (  0.000002  0.008038 -0.000075 -0.000000  0.639199 -0.000000 ) 
 (  0.000003 -0.008039  0.000074 -0.000000  0.639201  0.000000 ) 
 **************************************************************************
