Dynamical matrix file
default                                                                    
  2    3   4   6.0189456   0.0000000   6.2792597   0.0000000   0.0000000   0.0000000
           1  'Mo  '    87453.0751262756     
           2  'S   '    29220.9024340635     
    1    1      0.0000000000      0.0000000000      0.6279259700
    2    2     -0.0000000005      0.5773502695      0.1368722625
    3    2     -0.0000000005      0.5773502695      1.1189796775

     Dynamical  Matrix in cartesian axes

     q = (    0.000000000   0.010000000   0.000000000 ) 

    1    1
  0.40577184   0.00000000    -0.00000005   0.00000220    -0.00000012   0.00000078
 -0.00000005  -0.00000220     0.40967590   0.00000000    -0.00000012  -0.00000125
 -0.00000012  -0.00000078    -0.00000012   0.00000125     0.61198886   0.00000000
    1    2
 -0.20249557   0.00857321    -0.00000002   0.00000013    -0.00000001  -0.00000000
  0.00000007   0.00000005    -0.20444721   0.00626127     0.00009611   0.00363323
  0.00000004  -0.00000003     0.00014263   0.00464720    -0.30541894   0.01108488
    1    3
 -0.20249555   0.00857320    -0.00000007   0.00000009     0.00000000  -0.00000008
 -0.00000004  -0.00000007    -0.20444698   0.00626123    -0.00009625  -0.00363313
 -0.00000003  -0.00000004    -0.00014271  -0.00464734    -0.30541918   0.01108482
    2    1
 -0.20249557  -0.00857321     0.00000007  -0.00000005     0.00000004   0.00000003
 -0.00000002  -0.00000013    -0.20444721  -0.00626127     0.00014263  -0.00464720
 -0.00000001   0.00000000     0.00009611  -0.00363323    -0.30541894  -0.01108488
    2    2
  0.19413363   0.00000000    -0.00000086  -0.00000019    -0.00000065  -0.00000018
 -0.00000086   0.00000019     0.19514041   0.00000000    -0.00000154  -0.00037695
 -0.00000065   0.00000018    -0.00000154   0.00037695     0.34357523   0.00000000
    2    3
  0.00856774   0.00000002    -0.00000002  -0.00000000     0.00000000   0.00000005
  0.00000003   0.00000003     0.00955904  -0.00000003    -0.00000614  -0.00069566
  0.00000005  -0.00000003     0.00000617  -0.00069562    -0.03788912  -0.00000003
    3    1
 -0.20249555  -0.00857320    -0.00000004   0.00000007    -0.00000003   0.00000004
 -0.00000007  -0.00000009    -0.20444698  -0.00626123    -0.00014271   0.00464734
  0.00000000   0.00000008    -0.00009625   0.00363313    -0.30541918  -0.01108482
    3    2
  0.00856774  -0.00000002     0.00000003  -0.00000003     0.00000005   0.00000003
 -0.00000002   0.00000000     0.00955904   0.00000003     0.00000617   0.00069562
  0.00000000  -0.00000005    -0.00000614   0.00069566    -0.03788912   0.00000003
    3    3
  0.19413136   0.00000000    -0.00000079  -0.00000010    -0.00000012  -0.00000001
 -0.00000079   0.00000010     0.19513849   0.00000000     0.00000197   0.00037676
 -0.00000012   0.00000001     0.00000197  -0.00037676     0.34357653   0.00000000

     Dynamical  Matrix in cartesian axes

     q = (    0.000000000  -0.010000000   0.000000000 ) 

    1    1
  0.40577184   0.00000000    -0.00000005  -0.00000220    -0.00000012  -0.00000078
 -0.00000005   0.00000220     0.40967590   0.00000000    -0.00000012   0.00000125
 -0.00000012   0.00000078    -0.00000012  -0.00000125     0.61198886   0.00000000
    1    2
 -0.20249557  -0.00857321    -0.00000002  -0.00000013    -0.00000001   0.00000000
  0.00000007  -0.00000005    -0.20444721  -0.00626127     0.00009611  -0.00363323
  0.00000004   0.00000003     0.00014263  -0.00464720    -0.30541894  -0.01108488
    1    3
 -0.20249555  -0.00857320    -0.00000007  -0.00000009     0.00000000   0.00000008
 -0.00000004   0.00000007    -0.20444698  -0.00626123    -0.00009625   0.00363313
 -0.00000003   0.00000004    -0.00014271   0.00464734    -0.30541918  -0.01108482
    2    1
 -0.20249557   0.00857321     0.00000007   0.00000005     0.00000004  -0.00000003
 -0.00000002   0.00000013    -0.20444721   0.00626127     0.00014263   0.00464720
 -0.00000001  -0.00000000     0.00009611   0.00363323    -0.30541894   0.01108488
    2    2
  0.19413363   0.00000000    -0.00000086   0.00000019    -0.00000065   0.00000018
 -0.00000086  -0.00000019     0.19514041   0.00000000    -0.00000154   0.00037695
 -0.00000065  -0.00000018    -0.00000154  -0.00037695     0.34357523   0.00000000
    2    3
  0.00856774  -0.00000002    -0.00000002   0.00000000     0.00000000  -0.00000005
  0.00000003  -0.00000003     0.00955904   0.00000003    -0.00000614   0.00069566
  0.00000005   0.00000003     0.00000617   0.00069562    -0.03788912   0.00000003
    3    1
 -0.20249555   0.00857320    -0.00000004  -0.00000007    -0.00000003  -0.00000004
 -0.00000007   0.00000009    -0.20444698   0.00626123    -0.00014271  -0.00464734
  0.00000000  -0.00000008    -0.00009625  -0.00363313    -0.30541918   0.01108482
    3    2
  0.00856774   0.00000002     0.00000003   0.00000003     0.00000005  -0.00000003
 -0.00000002  -0.00000000     0.00955904  -0.00000003     0.00000617  -0.00069562
  0.00000000   0.00000005    -0.00000614  -0.00069566    -0.03788912  -0.00000003
    3    3
  0.19413136   0.00000000    -0.00000079   0.00000010    -0.00000012   0.00000001
 -0.00000079  -0.00000010     0.19513849   0.00000000     0.00000197  -0.00037676
 -0.00000012  -0.00000001     0.00000197   0.00037676     0.34357653   0.00000000

     Effective Charges U-E: Z_{s,alpha}{beta}

     atom #    1
     -0.104418391274E-06      0.240706818947E-07      0.000000000000E+00      0.000000000000E+00      0.000000000000E+00      0.000000000000E+00
     -0.558815722838E-04      0.190646149542E-02      0.000000000000E+00      0.000000000000E+00      0.000000000000E+00      0.000000000000E+00
      0.605131936088E-07      0.287114441323E-08      0.000000000000E+00      0.000000000000E+00      0.000000000000E+00      0.000000000000E+00
     atom #    2
     -0.327437961844E-08      0.368292077695E-07      0.000000000000E+00      0.000000000000E+00      0.000000000000E+00      0.000000000000E+00
     -0.409263613153E-05     -0.965464400465E-03      0.000000000000E+00      0.000000000000E+00      0.000000000000E+00      0.000000000000E+00
     -0.658127528147E-04      0.160098993453E-06      0.000000000000E+00      0.000000000000E+00      0.000000000000E+00      0.000000000000E+00
     atom #    3
      0.302502540451E-07     -0.886853897246E-08      0.000000000000E+00      0.000000000000E+00      0.000000000000E+00      0.000000000000E+00
     -0.412014749646E-05     -0.965387559203E-03      0.000000000000E+00      0.000000000000E+00      0.000000000000E+00      0.000000000000E+00
      0.657698571144E-04     -0.169582217413E-06      0.000000000000E+00      0.000000000000E+00      0.000000000000E+00      0.000000000000E+00

     Diagonalizing the dynamical matrix

     q = (    0.000000000   0.010000000   0.000000000 ) 

 **************************************************************************
     freq (    1) =       0.185601 [THz] =       6.190996 [cm-1]
 (  0.445942 -0.366342  0.004405  0.000875  0.009454 -0.000297 ) 
 (  0.461195 -0.347268  0.004377  0.001299  0.009451  0.000090 ) 
 (  0.461201 -0.347272  0.004376  0.000716  0.009471  0.000000 ) 
     freq (    2) =       0.198044 [THz] =       6.606038 [cm-1]
 (  0.007293 -0.006026  0.000225 -0.002341 -0.576614  0.020931 ) 
 (  0.007543 -0.005715  0.000192 -0.020134 -0.577107  0.000006 ) 
 (  0.007545 -0.005715  0.000403  0.015468 -0.577154  0.000000 ) 
     freq (    3) =       0.246512 [THz] =       8.222739 [cm-1]
 (  0.003683  0.002562 -0.050729 -0.575052  0.002317 -0.000444 ) 
 (  0.003574  0.002715 -0.033093 -0.576294  0.008307 -0.000719 ) 
 (  0.003573  0.002715 -0.033116 -0.576443 -0.003642  0.000000 ) 
     freq (    4) =       8.290409 [THz] =     276.538278 [cm-1]
 ( -0.000000  0.000004 -0.000000 -0.000000 -0.000074  0.000003 ) 
 ( -0.096374  0.700466  0.000135  0.007541 -0.000121  0.000003 ) 
 (  0.096374 -0.700469 -0.000136 -0.007541 -0.000122  0.000000 ) 
     freq (    5) =       8.292167 [THz] =     276.596932 [cm-1]
 ( -0.000000  0.000000 -0.000000 -0.000003  0.006953 -0.000248 ) 
 ( -0.001121  0.007460 -0.003930 -0.706945  0.011397  0.000001 ) 
 (  0.001121 -0.007461  0.003930  0.706948  0.011397  0.000000 ) 
     freq (    6) =      11.192002 [THz] =     373.325004 [cm-1]
 ( -0.236720 -0.355806 -0.000019 -0.000068 -0.000000 -0.000001 ) 
 (  0.331280  0.546756  0.000023  0.000102  0.000008  0.000002 ) 
 (  0.331275  0.546748  0.000024  0.000102 -0.000008  0.000000 ) 
     freq (    7) =      11.243984 [THz] =     375.058942 [cm-1]
 ( -0.000025 -0.000066  0.010138  0.426465  0.000001 -0.000001 ) 
 (  0.000031  0.000102  0.004372 -0.638649 -0.033565  0.000001 ) 
 (  0.000031  0.000101  0.004373 -0.638640  0.033562  0.000000 ) 
     freq (    8) =      11.887835 [THz] =     396.535484 [cm-1]
 ( -0.000001 -0.000001 -0.000435 -0.017811  0.000002 -0.000000 ) 
 (  0.000004  0.000001 -0.000146  0.019333 -0.706732 -0.000000 ) 
 (  0.000001  0.000001 -0.000144  0.019332  0.706728  0.000000 ) 
     freq (    9) =      13.744047 [THz] =     458.452063 [cm-1]
 (  0.000000 -0.000000 -0.000000  0.000001 -0.427099  0.015501 ) 
 ( -0.000002 -0.000000  0.000019  0.004011  0.639259 -0.000000 ) 
 ( -0.000000  0.000000 -0.000018 -0.004012  0.639266  0.000000 ) 
 **************************************************************************
