Dynamical matrix file
default                                                                    
  2    3   4   6.0189456   0.0000000   6.2792597   0.0000000   0.0000000   0.0000000
           1  'Mo  '    87453.0751262756     
           2  'S   '    29220.9024340635     
    1    1      0.0000000000      0.0000000000      0.6279259700
    2    2     -0.0000000005      0.5773502695      0.1368722625
    3    2     -0.0000000005      0.5773502695      1.1189796775

     Dynamical  Matrix in cartesian axes

     q = (    0.000000000   0.020000000   0.000000000 ) 

    1    1
  0.40607520   0.00000000     0.00000144  -0.00000118    -0.00000079  -0.00000178
  0.00000144   0.00000118     0.41008918   0.00000000     0.00000005  -0.00000054
 -0.00000079   0.00000178     0.00000005   0.00000054     0.61185960   0.00000000
    1    2
 -0.20185447   0.01712715    -0.00000012   0.00000002     0.00000001   0.00000006
 -0.00000000  -0.00000001    -0.20386045   0.01249810     0.00038506   0.00725943
 -0.00000005  -0.00000004     0.00056978   0.00927487    -0.30441334   0.02212980
    1    3
 -0.20185449   0.01712726    -0.00000007   0.00000002     0.00000000   0.00000005
 -0.00000010  -0.00000009    -0.20386048   0.01249803    -0.00038512  -0.00725936
  0.00000002   0.00000001    -0.00056985  -0.00927498    -0.30441358   0.02212977
    2    1
 -0.20185447  -0.01712715    -0.00000000   0.00000001    -0.00000005   0.00000004
 -0.00000012  -0.00000002    -0.20386045  -0.01249810     0.00056978  -0.00927487
  0.00000001  -0.00000006     0.00038506  -0.00725943    -0.30441334  -0.02212980
    2    2
  0.19416554   0.00000000    -0.00000043   0.00000005    -0.00000023   0.00000012
 -0.00000043  -0.00000005     0.19529536   0.00000000    -0.00000607  -0.00075291
 -0.00000023  -0.00000012    -0.00000607   0.00075291     0.34337234   0.00000000
    2    3
  0.00851811   0.00000001     0.00000000  -0.00000001    -0.00000004  -0.00000002
  0.00000005   0.00000003     0.00958325  -0.00000002    -0.00002469  -0.00138827
  0.00000000   0.00000003     0.00002470  -0.00138828    -0.03789322   0.00000003
    3    1
 -0.20185449  -0.01712726    -0.00000010   0.00000009     0.00000002  -0.00000001
 -0.00000007  -0.00000002    -0.20386048  -0.01249803    -0.00056985   0.00927498
  0.00000000  -0.00000005    -0.00038512   0.00725936    -0.30441358  -0.02212977
    3    2
  0.00851811  -0.00000001     0.00000005  -0.00000003     0.00000000  -0.00000003
  0.00000000   0.00000001     0.00958325   0.00000002     0.00002470   0.00138828
 -0.00000004   0.00000002    -0.00002469   0.00138827    -0.03789322  -0.00000003
    3    3
  0.19416335   0.00000000     0.00000061   0.00000004    -0.00000016   0.00000012
  0.00000061  -0.00000004     0.19529341   0.00000000     0.00000717   0.00075268
 -0.00000016  -0.00000012     0.00000717  -0.00075268     0.34337327   0.00000000

     Dynamical  Matrix in cartesian axes

     q = (    0.000000000  -0.020000000   0.000000000 ) 

    1    1
  0.40607520   0.00000000     0.00000144   0.00000118    -0.00000079   0.00000178
  0.00000144  -0.00000118     0.41008918   0.00000000     0.00000005   0.00000054
 -0.00000079  -0.00000178     0.00000005  -0.00000054     0.61185960   0.00000000
    1    2
 -0.20185447  -0.01712715    -0.00000012  -0.00000002     0.00000001  -0.00000006
 -0.00000000   0.00000001    -0.20386045  -0.01249810     0.00038506  -0.00725943
 -0.00000005   0.00000004     0.00056978  -0.00927487    -0.30441334  -0.02212980
    1    3
 -0.20185449  -0.01712726    -0.00000007  -0.00000002     0.00000000  -0.00000005
 -0.00000010   0.00000009    -0.20386048  -0.01249803    -0.00038512   0.00725936
  0.00000002  -0.00000001    -0.00056985   0.00927498    -0.30441358  -0.02212977
    2    1
 -0.20185447   0.01712715    -0.00000000  -0.00000001    -0.00000005  -0.00000004
 -0.00000012   0.00000002    -0.20386045   0.01249810     0.00056978   0.00927487
  0.00000001   0.00000006     0.00038506   0.00725943    -0.30441334   0.02212980
    2    2
  0.19416554   0.00000000    -0.00000043  -0.00000005    -0.00000023  -0.00000012
 -0.00000043   0.00000005     0.19529536   0.00000000    -0.00000607   0.00075291
 -0.00000023   0.00000012    -0.00000607  -0.00075291     0.34337234   0.00000000
    2    3
  0.00851811  -0.00000001     0.00000000   0.00000001    -0.00000004   0.00000002
  0.00000005  -0.00000003     0.00958325   0.00000002    -0.00002469   0.00138827
  0.00000000  -0.00000003     0.00002470   0.00138828    -0.03789322  -0.00000003
    3    1
 -0.20185449   0.01712726    -0.00000010  -0.00000009     0.00000002   0.00000001
 -0.00000007   0.00000002    -0.20386048   0.01249803    -0.00056985  -0.00927498
  0.00000000   0.00000005    -0.00038512  -0.00725936    -0.30441358   0.02212977
    3    2
  0.00851811   0.00000001     0.00000005   0.00000003     0.00000000   0.00000003
  0.00000000  -0.00000001     0.00958325  -0.00000002     0.00002470  -0.00138828
 -0.00000004  -0.00000002    -0.00002469  -0.00138827    -0.03789322   0.00000003
    3    3
  0.19416335   0.00000000     0.00000061  -0.00000004    -0.00000016  -0.00000012
  0.00000061   0.00000004     0.19529341   0.00000000     0.00000717  -0.00075268
 -0.00000016   0.00000012     0.00000717   0.00075268     0.34337327   0.00000000

     Effective Charges U-E: Z_{s,alpha}{beta}

     atom #    1
     -0.480661454845E-07      0.138758122629E-06      0.000000000000E+00      0.000000000000E+00      0.000000000000E+00      0.000000000000E+00
     -0.220334216231E-03      0.368175385967E-02      0.000000000000E+00      0.000000000000E+00      0.000000000000E+00      0.000000000000E+00
     -0.600378972926E-08     -0.188754580217E-07      0.000000000000E+00      0.000000000000E+00      0.000000000000E+00      0.000000000000E+00
     atom #    2
      0.540036743668E-07     -0.448389255892E-07      0.000000000000E+00      0.000000000000E+00      0.000000000000E+00      0.000000000000E+00
     -0.161771339974E-04     -0.193879983031E-02      0.000000000000E+00      0.000000000000E+00      0.000000000000E+00      0.000000000000E+00
     -0.258143696549E-03      0.144973766004E-05      0.000000000000E+00      0.000000000000E+00      0.000000000000E+00      0.000000000000E+00
     atom #    3
      0.598888486302E-07     -0.446394906912E-07      0.000000000000E+00      0.000000000000E+00      0.000000000000E+00      0.000000000000E+00
     -0.162101381790E-04     -0.193884106008E-02      0.000000000000E+00      0.000000000000E+00      0.000000000000E+00      0.000000000000E+00
      0.258132305716E-03     -0.142865351602E-05      0.000000000000E+00      0.000000000000E+00      0.000000000000E+00      0.000000000000E+00

     Diagonalizing the dynamical matrix

     q = (    0.000000000   0.020000000   0.000000000 ) 

 **************************************************************************
     freq (    1) =       0.200695 [THz] =       6.694460 [cm-1]
 (  0.001336  0.001400 -0.000284  0.000145  0.575128 -0.041817 ) 
 (  0.001214  0.001508  0.000128  0.035647  0.576602 -0.000012 ) 
 (  0.001214  0.001508 -0.000715 -0.035393  0.576606  0.000000 ) 
     freq (    2) =       0.288375 [THz] =       9.619139 [cm-1]
 ( -0.398280 -0.417654  0.000095  0.000683  0.001929 -0.000139 ) 
 ( -0.361759 -0.450099  0.000053  0.000804  0.001921  0.000002 ) 
 ( -0.361763 -0.450105  0.000053  0.000569  0.001949  0.000000 ) 
     freq (    3) =       0.434359 [THz] =      14.488664 [cm-1]
 ( -0.000445 -0.000526 -0.046466 -0.575605  0.000102 -0.000304 ) 
 ( -0.000400 -0.000564 -0.011134 -0.577043  0.012109 -0.000590 ) 
 ( -0.000400 -0.000561 -0.011171 -0.577064 -0.011861  0.000000 ) 
     freq (    4) =       8.292231 [THz] =     276.599061 [cm-1]
 (  0.000002 -0.000003 -0.000001  0.000001 -0.000004  0.000000 ) 
 (  0.477102 -0.521893 -0.000003  0.000193 -0.000006 -0.000000 ) 
 ( -0.477104  0.521895  0.000004 -0.000194 -0.000007  0.000000 ) 
     freq (    5) =       8.299291 [THz] =     276.834561 [cm-1]
 ( -0.000000 -0.000002  0.000000  0.000003 -0.013840  0.000988 ) 
 ( -0.000126  0.000147  0.007910  0.706627 -0.022772 -0.000004 ) 
 (  0.000126 -0.000146 -0.007910 -0.706629 -0.022772  0.000000 ) 
     freq (    6) =      11.191211 [THz] =     373.298610 [cm-1]
 (  0.218694  0.367266 -0.000003 -0.000053  0.000000  0.000000 ) 
 ( -0.279454 -0.574940 -0.000000  0.000082  0.000006 -0.000000 ) 
 ( -0.279450 -0.574932 -0.000002  0.000078 -0.000009  0.000000 ) 
     freq (    7) =      11.239434 [THz] =     374.907168 [cm-1]
 (  0.000028  0.000046  0.020142  0.423909  0.000000 -0.000001 ) 
 ( -0.000034 -0.000069  0.008743 -0.636735 -0.066675  0.000002 ) 
 ( -0.000035 -0.000074  0.008744 -0.636727  0.066673  0.000000 ) 
     freq (    8) =      11.888600 [THz] =     396.561017 [cm-1]
 ( -0.000000 -0.000000 -0.001734 -0.035450  0.000001  0.000000 ) 
 (  0.000001 -0.000000 -0.000581  0.038480 -0.705614 -0.000001 ) 
 ( -0.000000  0.000001 -0.000577  0.038479  0.705611  0.000000 ) 
     freq (    9) =      13.738095 [THz] =     458.253528 [cm-1]
 (  0.000001  0.000001 -0.000001  0.000000 -0.426330  0.030992 ) 
 ( -0.000001 -0.000000  0.000077  0.008038  0.639197  0.000001 ) 
 ( -0.000001 -0.000000 -0.000074 -0.008039  0.639203  0.000000 ) 
 **************************************************************************
