Dynamical matrix file
default                                                                    
  2    3   4   6.0189456   0.0000000   6.2792597   0.0000000   0.0000000   0.0000000
           1  'Mo  '    87453.0751262756     
           2  'S   '    29220.9024340635     
    1    1      0.0000000000      0.0000000000      0.6279259700
    2    2     -0.0000000005      0.5773502695      0.1368722625
    3    2     -0.0000000005      0.5773502695      1.1189796775

     Dynamical  Matrix in cartesian axes

     q = (    0.000000000   0.000000000   0.010000000 ) 

    1    1
  0.40566562   0.00000000     0.00000063   0.00000310     0.00000019   0.00000055
  0.00000063  -0.00000310     0.40567025   0.00000000     0.00000072  -0.00000121
  0.00000019  -0.00000055     0.00000072   0.00000121     0.61216622   0.00000000
    1    2
 -0.20270943   0.00000002     0.00000001  -0.00000004    -0.00000000   0.00000008
 -0.00000004   0.00000003    -0.20270939  -0.00000006     0.00000000  -0.00000012
  0.00000006  -0.00000004     0.00000003   0.00000000    -0.30582213   0.00000005
    1    3
 -0.20270928  -0.00000000    -0.00000001  -0.00000004     0.00000003  -0.00000006
 -0.00000005   0.00000002    -0.20270933  -0.00000005    -0.00000005   0.00000001
  0.00000002   0.00000001    -0.00000005   0.00000006    -0.30582231   0.00000004
    2    1
 -0.20270943  -0.00000002    -0.00000004  -0.00000003     0.00000006   0.00000004
  0.00000001   0.00000004    -0.20270939   0.00000006     0.00000003  -0.00000000
 -0.00000000  -0.00000008     0.00000000   0.00000012    -0.30582213  -0.00000005
    2    2
  0.19412198   0.00000000    -0.00000023  -0.00000016     0.00000038  -0.00000002
 -0.00000023   0.00000016     0.19412166   0.00000000    -0.00000019   0.00000034
  0.00000038   0.00000002    -0.00000019  -0.00000034     0.34367609   0.00000000
    2    3
  0.00858418  -0.00000008     0.00000002  -0.00000001    -0.00000003   0.00000002
 -0.00000004  -0.00000001     0.00858416  -0.00000008    -0.00000002   0.00000000
 -0.00000000  -0.00000003    -0.00000002  -0.00000006    -0.03785363   0.00000009
    3    1
 -0.20270928   0.00000000    -0.00000005  -0.00000002     0.00000002  -0.00000001
 -0.00000001   0.00000004    -0.20270933   0.00000005    -0.00000005  -0.00000006
  0.00000003   0.00000006    -0.00000005  -0.00000001    -0.30582231  -0.00000004
    3    2
  0.00858418   0.00000008    -0.00000004   0.00000001    -0.00000000   0.00000003
  0.00000002   0.00000001     0.00858416   0.00000008    -0.00000002   0.00000006
 -0.00000003  -0.00000002    -0.00000002  -0.00000000    -0.03785363  -0.00000009
    3    3
  0.19412046   0.00000000     0.00000017  -0.00000015     0.00000046  -0.00000003
  0.00000017   0.00000015     0.19411951   0.00000000    -0.00000059   0.00000017
  0.00000046   0.00000003    -0.00000059  -0.00000017     0.34367690   0.00000000

     Dynamical  Matrix in cartesian axes

     q = (    0.000000000   0.000000000  -0.010000000 ) 

    1    1
  0.40566562   0.00000000     0.00000063  -0.00000310     0.00000019  -0.00000055
  0.00000063   0.00000310     0.40567025   0.00000000     0.00000072   0.00000121
  0.00000019   0.00000055     0.00000072  -0.00000121     0.61216622   0.00000000
    1    2
 -0.20270943  -0.00000002     0.00000001   0.00000004    -0.00000000  -0.00000008
 -0.00000004  -0.00000003    -0.20270939   0.00000006     0.00000000   0.00000012
  0.00000006   0.00000004     0.00000003  -0.00000000    -0.30582213  -0.00000005
    1    3
 -0.20270928   0.00000000    -0.00000001   0.00000004     0.00000003   0.00000006
 -0.00000005  -0.00000002    -0.20270933   0.00000005    -0.00000005  -0.00000001
  0.00000002  -0.00000001    -0.00000005  -0.00000006    -0.30582231  -0.00000004
    2    1
 -0.20270943   0.00000002    -0.00000004   0.00000003     0.00000006  -0.00000004
  0.00000001  -0.00000004    -0.20270939  -0.00000006     0.00000003   0.00000000
 -0.00000000   0.00000008     0.00000000  -0.00000012    -0.30582213   0.00000005
    2    2
  0.19412198   0.00000000    -0.00000023   0.00000016     0.00000038   0.00000002
 -0.00000023  -0.00000016     0.19412166   0.00000000    -0.00000019  -0.00000034
  0.00000038  -0.00000002    -0.00000019   0.00000034     0.34367609   0.00000000
    2    3
  0.00858418   0.00000008     0.00000002   0.00000001    -0.00000003  -0.00000002
 -0.00000004   0.00000001     0.00858416   0.00000008    -0.00000002  -0.00000000
 -0.00000000   0.00000003    -0.00000002   0.00000006    -0.03785363  -0.00000009
    3    1
 -0.20270928  -0.00000000    -0.00000005   0.00000002     0.00000002   0.00000001
 -0.00000001  -0.00000004    -0.20270933  -0.00000005    -0.00000005   0.00000006
  0.00000003  -0.00000006    -0.00000005   0.00000001    -0.30582231   0.00000004
    3    2
  0.00858418  -0.00000008    -0.00000004  -0.00000001    -0.00000000  -0.00000003
  0.00000002  -0.00000001     0.00858416  -0.00000008    -0.00000002  -0.00000006
 -0.00000003   0.00000002    -0.00000002   0.00000000    -0.03785363   0.00000009
    3    3
  0.19412046   0.00000000     0.00000017   0.00000015     0.00000046   0.00000003
  0.00000017  -0.00000015     0.19411951   0.00000000    -0.00000059  -0.00000017
  0.00000046  -0.00000003    -0.00000059   0.00000017     0.34367690   0.00000000

     Effective Charges U-E: Z_{s,alpha}{beta}

     atom #    1
     -0.178977702573E-06     -0.243324021146E-06      0.000000000000E+00      0.000000000000E+00      0.000000000000E+00      0.000000000000E+00
      0.592126240930E-06      0.106887154561E-06      0.000000000000E+00      0.000000000000E+00      0.000000000000E+00      0.000000000000E+00
     -0.349787029613E-06      0.708384868950E-03      0.000000000000E+00      0.000000000000E+00      0.000000000000E+00      0.000000000000E+00
     atom #    2
     -0.355656878780E-08      0.168993779844E-06      0.000000000000E+00      0.000000000000E+00      0.000000000000E+00      0.000000000000E+00
     -0.252668642069E-06     -0.166927474579E-06      0.000000000000E+00      0.000000000000E+00      0.000000000000E+00      0.000000000000E+00
      0.487683475661E-05     -0.364737200334E-03      0.000000000000E+00      0.000000000000E+00      0.000000000000E+00      0.000000000000E+00
     atom #    3
      0.437456520441E-07      0.903604375245E-07      0.000000000000E+00      0.000000000000E+00      0.000000000000E+00      0.000000000000E+00
     -0.214111582163E-06      0.702128957511E-07      0.000000000000E+00      0.000000000000E+00      0.000000000000E+00      0.000000000000E+00
     -0.466841624931E-05     -0.364638568870E-03      0.000000000000E+00      0.000000000000E+00      0.000000000000E+00      0.000000000000E+00

     Diagonalizing the dynamical matrix

     q = (    0.000000000   0.000000000   0.010000000 ) 

 **************************************************************************
     freq (    1) =       0.132727 [THz] =       4.427284 [cm-1]
 (  0.337943  0.373463 -0.237503  0.152083 -0.001804  0.000000 ) 
 (  0.338027  0.373557 -0.237562  0.152122 -0.001805 -0.000000 ) 
 (  0.338031  0.373559 -0.237565  0.152123 -0.001805  0.000000 ) 
     freq (    2) =       0.134479 [THz] =       4.485721 [cm-1]
 ( -0.281820 -0.010485 -0.101624  0.493305  0.002516 -0.000001 ) 
 ( -0.281893 -0.010487 -0.101650  0.493433  0.002516 -0.000001 ) 
 ( -0.281895 -0.010488 -0.101650  0.493438  0.002517  0.000000 ) 
     freq (    3) =       0.196976 [THz] =       6.570400 [cm-1]
 ( -0.002285 -0.001213  0.000299  0.001674 -0.577211  0.000000 ) 
 ( -0.002285 -0.001214  0.000299  0.001676 -0.577408  0.000000 ) 
 ( -0.002284 -0.001214  0.000297  0.001676 -0.577407  0.000000 ) 
     freq (    4) =       8.289776 [THz] =     276.517148 [cm-1]
 ( -0.000000  0.000001  0.000003 -0.000001  0.000000 -0.000000 ) 
 (  0.084190  0.136349  0.632104 -0.273429  0.000001 -0.000000 ) 
 ( -0.084190 -0.136350 -0.632107  0.273430 -0.000001  0.000000 ) 
     freq (    5) =       8.289791 [THz] =     276.517658 [cm-1]
 ( -0.000002 -0.000000  0.000001 -0.000001  0.000000 -0.000000 ) 
 ( -0.687209 -0.045420  0.033544 -0.156697  0.000002  0.000000 ) 
 (  0.687211  0.045420 -0.033545  0.156697 -0.000002  0.000000 ) 
     freq (    6) =      11.192243 [THz] =     373.333046 [cm-1]
 (  0.065735 -0.340309  0.229814  0.098295  0.000000  0.000001 ) 
 ( -0.098342  0.509116 -0.343811 -0.147053  0.000002 -0.000001 ) 
 ( -0.098342  0.509111 -0.343806 -0.147050 -0.000003  0.000000 ) 
     freq (    7) =      11.192256 [THz] =     373.333461 [cm-1]
 (  0.182512 -0.170781 -0.177859 -0.297488 -0.000000 -0.000000 ) 
 ( -0.273044  0.255494  0.266083  0.445050 -0.000002 -0.000001 ) 
 ( -0.273041  0.255492  0.266078  0.445045  0.000003  0.000000 ) 
     freq (    8) =      11.887558 [THz] =     396.526246 [cm-1]
 ( -0.000000 -0.000000  0.000001  0.000001  0.000001  0.000000 ) 
 ( -0.000001  0.000000 -0.000001 -0.000002 -0.707108 -0.000000 ) 
 (  0.000002  0.000000 -0.000003 -0.000001  0.707105  0.000000 ) 
     freq (    9) =      13.747544 [THz] =     458.568705 [cm-1]
 ( -0.000000 -0.000000  0.000000  0.000000 -0.427356 -0.000000 ) 
 (  0.000001  0.000000 -0.000000  0.000001  0.639281  0.000001 ) 
 (  0.000001  0.000000 -0.000001  0.000000  0.639286  0.000000 ) 
 **************************************************************************
