Dynamical matrix file
default                                                                    
  2    3   4   6.0189456   0.0000000   6.2792597   0.0000000   0.0000000   0.0000000
           1  'Mo  '    87453.0751262756     
           2  'S   '    29220.9024340635     
    1    1      0.0000000000      0.0000000000      0.6279259700
    2    2     -0.0000000005      0.5773502695      0.1368722625
    3    2     -0.0000000005      0.5773502695      1.1189796775

     Dynamical  Matrix in cartesian axes

     q = (    0.000000000   0.000000000   0.020000000 ) 

    1    1
  0.40566888   0.00000000     0.00000139  -0.00000107     0.00000029  -0.00000024
  0.00000139   0.00000107     0.40566569   0.00000000     0.00000044   0.00000078
  0.00000029   0.00000024     0.00000044  -0.00000078     0.61216778   0.00000000
    1    2
 -0.20270940  -0.00000001    -0.00000008  -0.00000006     0.00000003  -0.00000002
 -0.00000011  -0.00000002    -0.20270940   0.00000000    -0.00000011  -0.00000002
 -0.00000001   0.00000000    -0.00000004   0.00000000    -0.30582212   0.00000009
    1    3
 -0.20270936   0.00000008    -0.00000006  -0.00000005     0.00000002   0.00000002
 -0.00000002  -0.00000003    -0.20270945  -0.00000009     0.00000002  -0.00000000
  0.00000005   0.00000003    -0.00000002   0.00000002    -0.30582250  -0.00000003
    2    1
 -0.20270940   0.00000001    -0.00000011   0.00000002    -0.00000001  -0.00000000
 -0.00000008   0.00000006    -0.20270940  -0.00000000    -0.00000004  -0.00000000
  0.00000003   0.00000002    -0.00000011   0.00000002    -0.30582212  -0.00000009
    2    2
  0.19412203   0.00000000    -0.00000022   0.00000009    -0.00000033   0.00000011
 -0.00000022  -0.00000009     0.19412155   0.00000000     0.00000014  -0.00000004
 -0.00000033  -0.00000011     0.00000014   0.00000004     0.34367492   0.00000000
    2    3
  0.00858401   0.00000003     0.00000002  -0.00000001    -0.00000001  -0.00000002
 -0.00000002  -0.00000000     0.00858402   0.00000006     0.00000003   0.00000002
  0.00000000  -0.00000000    -0.00000004  -0.00000004    -0.03785421   0.00000026
    3    1
 -0.20270936  -0.00000008    -0.00000002   0.00000003     0.00000005  -0.00000003
 -0.00000006   0.00000005    -0.20270945   0.00000009    -0.00000002  -0.00000002
  0.00000002  -0.00000002     0.00000002   0.00000000    -0.30582250   0.00000003
    3    2
  0.00858401  -0.00000003    -0.00000002   0.00000000     0.00000000   0.00000000
  0.00000002   0.00000001     0.00858402  -0.00000006    -0.00000004   0.00000004
 -0.00000001   0.00000002     0.00000003  -0.00000002    -0.03785421  -0.00000026
    3    3
  0.19411890   0.00000000    -0.00000038   0.00000009    -0.00000021   0.00000009
 -0.00000038  -0.00000009     0.19411899   0.00000000    -0.00000069  -0.00000023
 -0.00000021  -0.00000009    -0.00000069   0.00000023     0.34367710   0.00000000

     Dynamical  Matrix in cartesian axes

     q = (    0.000000000   0.000000000  -0.020000000 ) 

    1    1
  0.40566888   0.00000000     0.00000139   0.00000107     0.00000029   0.00000024
  0.00000139  -0.00000107     0.40566569   0.00000000     0.00000044  -0.00000078
  0.00000029  -0.00000024     0.00000044   0.00000078     0.61216778   0.00000000
    1    2
 -0.20270940   0.00000001    -0.00000008   0.00000006     0.00000003   0.00000002
 -0.00000011   0.00000002    -0.20270940  -0.00000000    -0.00000011   0.00000002
 -0.00000001  -0.00000000    -0.00000004  -0.00000000    -0.30582212  -0.00000009
    1    3
 -0.20270936  -0.00000008    -0.00000006   0.00000005     0.00000002  -0.00000002
 -0.00000002   0.00000003    -0.20270945   0.00000009     0.00000002   0.00000000
  0.00000005  -0.00000003    -0.00000002  -0.00000002    -0.30582250   0.00000003
    2    1
 -0.20270940  -0.00000001    -0.00000011  -0.00000002    -0.00000001   0.00000000
 -0.00000008  -0.00000006    -0.20270940   0.00000000    -0.00000004   0.00000000
  0.00000003  -0.00000002    -0.00000011  -0.00000002    -0.30582212   0.00000009
    2    2
  0.19412203   0.00000000    -0.00000022  -0.00000009    -0.00000033  -0.00000011
 -0.00000022   0.00000009     0.19412155   0.00000000     0.00000014   0.00000004
 -0.00000033   0.00000011     0.00000014  -0.00000004     0.34367492   0.00000000
    2    3
  0.00858401  -0.00000003     0.00000002   0.00000001    -0.00000001   0.00000002
 -0.00000002   0.00000000     0.00858402  -0.00000006     0.00000003  -0.00000002
  0.00000000   0.00000000    -0.00000004   0.00000004    -0.03785421  -0.00000026
    3    1
 -0.20270936   0.00000008    -0.00000002  -0.00000003     0.00000005   0.00000003
 -0.00000006  -0.00000005    -0.20270945  -0.00000009    -0.00000002   0.00000002
  0.00000002   0.00000002     0.00000002  -0.00000000    -0.30582250  -0.00000003
    3    2
  0.00858401   0.00000003    -0.00000002  -0.00000000     0.00000000  -0.00000000
  0.00000002  -0.00000001     0.00858402   0.00000006    -0.00000004  -0.00000004
 -0.00000001  -0.00000002     0.00000003   0.00000002    -0.03785421   0.00000026
    3    3
  0.19411890   0.00000000    -0.00000038  -0.00000009    -0.00000021  -0.00000009
 -0.00000038   0.00000009     0.19411899   0.00000000    -0.00000069   0.00000023
 -0.00000021   0.00000009    -0.00000069  -0.00000023     0.34367710   0.00000000

     Effective Charges U-E: Z_{s,alpha}{beta}

     atom #    1
      0.429500853522E-07     -0.883672450467E-07      0.000000000000E+00      0.000000000000E+00      0.000000000000E+00      0.000000000000E+00
     -0.845175830591E-08      0.613380110620E-07      0.000000000000E+00      0.000000000000E+00      0.000000000000E+00      0.000000000000E+00
      0.688421653780E-07      0.135575004305E-02      0.000000000000E+00      0.000000000000E+00      0.000000000000E+00      0.000000000000E+00
     atom #    2
     -0.243395698860E-07      0.143010889043E-06      0.000000000000E+00      0.000000000000E+00      0.000000000000E+00      0.000000000000E+00
     -0.105203239634E-06     -0.170471988779E-06      0.000000000000E+00      0.000000000000E+00      0.000000000000E+00      0.000000000000E+00
      0.193939739868E-04     -0.759260472141E-03      0.000000000000E+00      0.000000000000E+00      0.000000000000E+00      0.000000000000E+00
     atom #    3
     -0.692644692136E-07      0.676585691109E-07      0.000000000000E+00      0.000000000000E+00      0.000000000000E+00      0.000000000000E+00
     -0.116092868381E-06     -0.569397636499E-07      0.000000000000E+00      0.000000000000E+00      0.000000000000E+00      0.000000000000E+00
     -0.191149134112E-04     -0.759513979940E-03      0.000000000000E+00      0.000000000000E+00      0.000000000000E+00      0.000000000000E+00

     Diagonalizing the dynamical matrix

     q = (    0.000000000   0.000000000   0.020000000 ) 

 **************************************************************************
     freq (    1) =       0.132384 [THz] =       4.415869 [cm-1]
 (  0.090126  0.122067  0.227965 -0.508160  0.001244  0.000001 ) 
 (  0.090148  0.122096  0.228022 -0.508288  0.001245  0.000001 ) 
 (  0.090150  0.122098  0.228025 -0.508295  0.001245  0.000000 ) 
     freq (    2) =       0.133589 [THz] =       4.456033 [cm-1]
 (  0.474755 -0.291208  0.132609  0.073740  0.000167  0.000000 ) 
 (  0.474875 -0.291282  0.132644  0.073758  0.000167 -0.000000 ) 
 (  0.474883 -0.291286  0.132646  0.073759  0.000168  0.000000 ) 
     freq (    3) =       0.196799 [THz] =       6.564498 [cm-1]
 ( -0.000332 -0.000179 -0.000529  0.001074  0.577217 -0.000000 ) 
 ( -0.000331 -0.000179 -0.000530  0.001075  0.577416 -0.000001 ) 
 ( -0.000332 -0.000179 -0.000527  0.001075  0.577414  0.000000 ) 
     freq (    4) =       8.289767 [THz] =     276.516874 [cm-1]
 (  0.000003 -0.000000  0.000004  0.000001  0.000001  0.000000 ) 
 (  0.412812 -0.006344  0.551796  0.158318  0.000001 -0.000000 ) 
 ( -0.412815  0.006343 -0.551799 -0.158319 -0.000001  0.000000 ) 
     freq (    5) =       8.289782 [THz] =     276.517368 [cm-1]
 (  0.000002 -0.000004 -0.000002  0.000002 -0.000000  0.000001 ) 
 (  0.262274 -0.510642 -0.287187  0.296612  0.000000  0.000000 ) 
 ( -0.262275  0.510645  0.287187 -0.296613 -0.000001  0.000000 ) 
     freq (    6) =      11.192237 [THz] =     373.332848 [cm-1]
 (  0.059788 -0.053569 -0.412239 -0.078890 -0.000000 -0.000000 ) 
 ( -0.089447  0.080142  0.616725  0.118022 -0.000007  0.000001 ) 
 ( -0.089446  0.080140  0.616715  0.118020  0.000006  0.000000 ) 
     freq (    7) =      11.192246 [THz] =     373.333143 [cm-1]
 ( -0.308137  0.284986 -0.079076 -0.013841 -0.000001  0.000000 ) 
 (  0.460984 -0.426350  0.118299  0.020707 -0.000000 -0.000000 ) 
 (  0.460974 -0.426341  0.118296  0.020707  0.000000  0.000000 ) 
     freq (    8) =      11.887559 [THz] =     396.526298 [cm-1]
 (  0.000000 -0.000000 -0.000003 -0.000001 -0.000003 -0.000001 ) 
 ( -0.000002  0.000001  0.000003  0.000001  0.707110  0.000002 ) 
 (  0.000000 -0.000000  0.000005  0.000002 -0.707103  0.000000 ) 
     freq (    9) =      13.747539 [THz] =     458.568547 [cm-1]
 ( -0.000000 -0.000000  0.000000  0.000000  0.427357  0.000001 ) 
 (  0.000001 -0.000000 -0.000000 -0.000000 -0.639277 -0.000003 ) 
 (  0.000001 -0.000000  0.000001  0.000000 -0.639289  0.000000 ) 
 **************************************************************************
