Dynamical matrix file
default                                                                    
  2    3   4   6.0189456   0.0000000   6.2792597   0.0000000   0.0000000   0.0000000
           1  'Mo  '    87453.0751262756     
           2  'S   '    29220.9024340635     
    1    1      0.0000000000      0.0000000000      0.6279259700
    2    2     -0.0000000005      0.5773502695      0.1368722625
    3    2     -0.0000000005      0.5773502695      1.1189796775

     Dynamical  Matrix in cartesian axes

     q = (    0.010000000   0.010000000   0.000000000 ) 

    1    1
  0.40784610   0.00000000     0.00196726   0.00011457    -0.00000058   0.00000062
  0.00196726  -0.00011457     0.40783913   0.00000000     0.00000013   0.00000108
 -0.00000058  -0.00000062     0.00000013  -0.00000108     0.61194507   0.00000000
    1    2
 -0.20336073   0.00853845    -0.00085694   0.00119818     0.00020335   0.00362917
 -0.00085522   0.00124675    -0.20344750   0.00615865     0.00013153   0.00363186
  0.00022060   0.00464331     0.00016858   0.00464514    -0.30528442   0.01107820
    1    3
 -0.20336070   0.00853836    -0.00085699   0.00119818    -0.00020332  -0.00362918
 -0.00085526   0.00124660    -0.20344754   0.00615870    -0.00013145  -0.00363185
 -0.00022055  -0.00464338    -0.00016850  -0.00464514    -0.30528484   0.01107813
    2    1
 -0.20336073  -0.00853845    -0.00085522  -0.00124675     0.00022060  -0.00464331
 -0.00085694  -0.00119818    -0.20344750  -0.00615865     0.00016858  -0.00464514
  0.00020335  -0.00362917     0.00013153  -0.00363186    -0.30528442  -0.01107820
    2    2
  0.19466768   0.00000000     0.00052510  -0.00000397     0.00000321  -0.00037686
  0.00052510   0.00000397     0.19466855   0.00000000    -0.00000068  -0.00037667
  0.00000321   0.00037686    -0.00000068   0.00037667     0.34350801   0.00000000
    2    3
  0.00905923   0.00000004     0.00050793  -0.00000333     0.00001253  -0.00069513
  0.00050792   0.00000340     0.00905915  -0.00000001    -0.00000015  -0.00069508
 -0.00001254  -0.00069516     0.00000018  -0.00069513    -0.03789043   0.00000007
    3    1
 -0.20336070  -0.00853836    -0.00085526  -0.00124660    -0.00022055   0.00464338
 -0.00085699  -0.00119818    -0.20344754  -0.00615870    -0.00016850   0.00464514
 -0.00020332   0.00362918    -0.00013145   0.00363185    -0.30528484  -0.01107813
    3    2
  0.00905923  -0.00000004     0.00050792  -0.00000340    -0.00001254   0.00069516
  0.00050793   0.00000333     0.00905915   0.00000001     0.00000018   0.00069513
  0.00001253   0.00069513    -0.00000015   0.00069508    -0.03789043  -0.00000007
    3    3
  0.19466668   0.00000000     0.00052411  -0.00000411    -0.00000342   0.00037663
  0.00052411   0.00000411     0.19466518   0.00000000    -0.00000117   0.00037698
 -0.00000342  -0.00037663    -0.00000117  -0.00037698     0.34350872   0.00000000

     Dynamical  Matrix in cartesian axes

     q = (   -0.010000000  -0.010000000   0.000000000 ) 

    1    1
  0.40784610   0.00000000     0.00196726  -0.00011457    -0.00000058  -0.00000062
  0.00196726   0.00011457     0.40783913   0.00000000     0.00000013  -0.00000108
 -0.00000058   0.00000062     0.00000013   0.00000108     0.61194507   0.00000000
    1    2
 -0.20336073  -0.00853845    -0.00085694  -0.00119818     0.00020335  -0.00362917
 -0.00085522  -0.00124675    -0.20344750  -0.00615865     0.00013153  -0.00363186
  0.00022060  -0.00464331     0.00016858  -0.00464514    -0.30528442  -0.01107820
    1    3
 -0.20336070  -0.00853836    -0.00085699  -0.00119818    -0.00020332   0.00362918
 -0.00085526  -0.00124660    -0.20344754  -0.00615870    -0.00013145   0.00363185
 -0.00022055   0.00464338    -0.00016850   0.00464514    -0.30528484  -0.01107813
    2    1
 -0.20336073   0.00853845    -0.00085522   0.00124675     0.00022060   0.00464331
 -0.00085694   0.00119818    -0.20344750   0.00615865     0.00016858   0.00464514
  0.00020335   0.00362917     0.00013153   0.00363186    -0.30528442   0.01107820
    2    2
  0.19466768   0.00000000     0.00052510   0.00000397     0.00000321   0.00037686
  0.00052510  -0.00000397     0.19466855   0.00000000    -0.00000068   0.00037667
  0.00000321  -0.00037686    -0.00000068  -0.00037667     0.34350801   0.00000000
    2    3
  0.00905923  -0.00000004     0.00050793   0.00000333     0.00001253   0.00069513
  0.00050792  -0.00000340     0.00905915   0.00000001    -0.00000015   0.00069508
 -0.00001254   0.00069516     0.00000018   0.00069513    -0.03789043  -0.00000007
    3    1
 -0.20336070   0.00853836    -0.00085526   0.00124660    -0.00022055  -0.00464338
 -0.00085699   0.00119818    -0.20344754   0.00615870    -0.00016850  -0.00464514
 -0.00020332  -0.00362918    -0.00013145  -0.00363185    -0.30528484   0.01107813
    3    2
  0.00905923   0.00000004     0.00050792   0.00000340    -0.00001254  -0.00069516
  0.00050793  -0.00000333     0.00905915  -0.00000001     0.00000018  -0.00069513
  0.00001253  -0.00069513    -0.00000015  -0.00069508    -0.03789043   0.00000007
    3    3
  0.19466668   0.00000000     0.00052411   0.00000411    -0.00000342  -0.00037663
  0.00052411  -0.00000411     0.19466518   0.00000000    -0.00000117  -0.00037698
 -0.00000342   0.00037663    -0.00000117   0.00037698     0.34350872   0.00000000

     Effective Charges U-E: Z_{s,alpha}{beta}

     atom #    1
      0.111156293931E-03      0.188442040404E-02      0.000000000000E+00      0.000000000000E+00      0.000000000000E+00      0.000000000000E+00
      0.793080510783E-07      0.188442105548E-02      0.000000000000E+00      0.000000000000E+00      0.000000000000E+00      0.000000000000E+00
      0.309492306783E-09     -0.200528081923E-07      0.000000000000E+00      0.000000000000E+00      0.000000000000E+00      0.000000000000E+00
     atom #    2
      0.815617162075E-05     -0.966628312140E-03      0.000000000000E+00      0.000000000000E+00      0.000000000000E+00      0.000000000000E+00
      0.322739501777E-07     -0.966645475999E-03      0.000000000000E+00      0.000000000000E+00      0.000000000000E+00      0.000000000000E+00
     -0.130696233878E-03     -0.320029877793E-06      0.000000000000E+00      0.000000000000E+00      0.000000000000E+00      0.000000000000E+00
     atom #    3
      0.819220085107E-05     -0.966667072957E-03      0.000000000000E+00      0.000000000000E+00      0.000000000000E+00      0.000000000000E+00
      0.288168529234E-07     -0.966657104239E-03      0.000000000000E+00      0.000000000000E+00      0.000000000000E+00      0.000000000000E+00
      0.130742425625E-03      0.314194245649E-06      0.000000000000E+00      0.000000000000E+00      0.000000000000E+00      0.000000000000E+00

     Diagonalizing the dynamical matrix

     q = (    0.010000000   0.010000000   0.000000000 ) 

 **************************************************************************
     freq (    1) =       0.198870 [THz] =       6.633595 [cm-1]
 (  0.000762 -0.001263 -0.002247  0.002802 -0.576542  0.020906 ) 
 (  0.001011 -0.019035 -0.002326 -0.015051 -0.577013 -0.000032 ) 
 (  0.000587  0.016543 -0.002327  0.020527 -0.576981  0.000000 ) 
     freq (    2) =       0.225739 [THz] =       7.529852 [cm-1]
 ( -0.242798  0.323377  0.246318 -0.330049 -0.003588  0.000115 ) 
 ( -0.254310  0.314496  0.254506 -0.324132 -0.003478 -0.000031 ) 
 ( -0.254313  0.314717  0.254509 -0.323915 -0.003702  0.000000 ) 
     freq (    3) =       0.320979 [THz] =      10.706704 [cm-1]
 ( -0.028863  0.410959 -0.027297  0.403588  0.001091 -0.001000 ) 
 ( -0.048460  0.409103 -0.041767  0.402291 -0.007286 -0.001919 ) 
 ( -0.048519  0.409037 -0.041827  0.402231  0.009541  0.000000 ) 
     freq (    4) =       8.290999 [THz] =     276.557954 [cm-1]
 ( -0.000000  0.000000  0.000003  0.000001 -0.000056  0.000002 ) 
 ( -0.495194 -0.066399  0.496014  0.065902 -0.000080  0.000002 ) 
 (  0.495194  0.066399 -0.496016 -0.065903 -0.000084  0.000000 ) 
     freq (    5) =       8.294557 [THz] =     276.676645 [cm-1]
 ( -0.000000 -0.000002 -0.000000 -0.000005  0.009824 -0.000364 ) 
 (  0.003036 -0.500210  0.002435 -0.499464  0.016113 -0.000005 ) 
 ( -0.003036  0.500211 -0.002435  0.499468  0.016113  0.000000 ) 
     freq (    6) =      11.191728 [THz] =     373.315878 [cm-1]
 ( -0.301941  0.012199  0.301799 -0.016127  0.000001  0.000000 ) 
 (  0.451946 -0.001844 -0.451928  0.013205  0.000850 -0.000001 ) 
 (  0.451946 -0.001844 -0.451921  0.013205 -0.000851  0.000000 ) 
     freq (    7) =      11.242471 [THz] =     375.008455 [cm-1]
 (  0.012629  0.300877  0.016727  0.300633 -0.000000  0.000002 ) 
 (  0.002541 -0.451235 -0.008697 -0.450997 -0.047351 -0.000003 ) 
 (  0.002539 -0.451229 -0.008697 -0.450984  0.047353  0.000000 ) 
     freq (    8) =      11.888093 [THz] =     396.544113 [cm-1]
 ( -0.001046 -0.017764 -0.000665 -0.017779  0.000001  0.000000 ) 
 (  0.000260  0.019302  0.000033  0.019302 -0.706357 -0.000000 ) 
 (  0.000259  0.019301  0.000026  0.019303  0.706354  0.000000 ) 
     freq (    9) =      13.742062 [THz] =     458.385863 [cm-1]
 (  0.000000 -0.000000  0.000001 -0.000001 -0.427124  0.015499 ) 
 ( -0.000038  0.004014 -0.000002  0.004015  0.639239  0.000001 ) 
 (  0.000037 -0.004014 -0.000003 -0.004013  0.639244  0.000000 ) 
 **************************************************************************
