Dynamical matrix file
default                                                                    
  2    3   4   6.0189456   0.0000000   6.2792597   0.0000000   0.0000000   0.0000000
           1  'Mo  '    87453.0751262756     
           2  'S   '    29220.9024340635     
    1    1      0.0000000000      0.0000000000      0.6279259700
    2    2     -0.0000000005      0.5773502695      0.1368722625
    3    2     -0.0000000005      0.5773502695      1.1189796775

     Dynamical  Matrix in cartesian axes

     q = (    0.010000000   0.000000000   0.010000000 ) 

    1    1
  0.40891628   0.00000000    -0.00000055  -0.00009048     0.00027788   0.00000010
 -0.00000055   0.00009048     0.40577263   0.00000000    -0.00000001   0.00001015
  0.00027788  -0.00000010    -0.00000001  -0.00001015     0.61202014   0.00000000
    1    2
 -0.20416057  -0.00000751    -0.00000001   0.00121640    -0.00013917   0.00360190
  0.00000029   0.00117758    -0.20267298  -0.00000003     0.00003689  -0.00000401
 -0.00013938   0.00464864     0.00002605  -0.00000059    -0.30563512   0.00001185
    1    3
 -0.20416053   0.00000738    -0.00000002   0.00121637    -0.00013925  -0.00360189
 -0.00000020   0.00117759    -0.20267304   0.00000006    -0.00003685  -0.00000414
 -0.00013949  -0.00464863    -0.00002589  -0.00000060    -0.30563542  -0.00001186
    2    1
 -0.20416057   0.00000751     0.00000029  -0.00117758    -0.00013938  -0.00464864
 -0.00000001  -0.00121640    -0.20267298   0.00000003     0.00002605   0.00000059
 -0.00013917  -0.00360190     0.00003689   0.00000401    -0.30563512  -0.00001185
    2    2
  0.19495011   0.00000000    -0.00000001   0.00000321     0.00006895  -0.00036128
 -0.00000001  -0.00000321     0.19413254   0.00000000     0.00000127  -0.00000011
  0.00006895   0.00036128     0.00000127   0.00000011     0.34358070   0.00000000
    2    3
  0.00936859  -0.00000745     0.00000002   0.00000294     0.00007015  -0.00071220
 -0.00000001  -0.00000291     0.00856765  -0.00000003     0.00000626  -0.00000028
  0.00007010  -0.00071219    -0.00000627   0.00000031    -0.03788006   0.00001214
    3    1
 -0.20416053  -0.00000738    -0.00000020  -0.00117759    -0.00013949   0.00464863
 -0.00000002  -0.00121637    -0.20267304  -0.00000006    -0.00002589   0.00000060
 -0.00013925   0.00360189    -0.00003685   0.00000414    -0.30563542   0.00001186
    3    2
  0.00936859   0.00000745    -0.00000001   0.00000291     0.00007010   0.00071219
  0.00000002  -0.00000294     0.00856765   0.00000003    -0.00000627  -0.00000031
  0.00007015   0.00071220     0.00000626   0.00000028    -0.03788006  -0.00001214
    3    3
  0.19494873   0.00000000    -0.00000007   0.00000327     0.00006851   0.00036116
 -0.00000007  -0.00000327     0.19412937   0.00000000    -0.00000138  -0.00000031
  0.00006851  -0.00036116    -0.00000138   0.00000031     0.34358221   0.00000000

     Dynamical  Matrix in cartesian axes

     q = (   -0.010000000   0.000000000  -0.010000000 ) 

    1    1
  0.40891628   0.00000000    -0.00000055   0.00009048     0.00027788  -0.00000010
 -0.00000055  -0.00009048     0.40577263   0.00000000    -0.00000001  -0.00001015
  0.00027788   0.00000010    -0.00000001   0.00001015     0.61202014   0.00000000
    1    2
 -0.20416057   0.00000751    -0.00000001  -0.00121640    -0.00013917  -0.00360190
  0.00000029  -0.00117758    -0.20267298   0.00000003     0.00003689   0.00000401
 -0.00013938  -0.00464864     0.00002605   0.00000059    -0.30563512  -0.00001185
    1    3
 -0.20416053  -0.00000738    -0.00000002  -0.00121637    -0.00013925   0.00360189
 -0.00000020  -0.00117759    -0.20267304  -0.00000006    -0.00003685   0.00000414
 -0.00013949   0.00464863    -0.00002589   0.00000060    -0.30563542   0.00001186
    2    1
 -0.20416057  -0.00000751     0.00000029   0.00117758    -0.00013938   0.00464864
 -0.00000001   0.00121640    -0.20267298  -0.00000003     0.00002605  -0.00000059
 -0.00013917   0.00360190     0.00003689  -0.00000401    -0.30563512   0.00001185
    2    2
  0.19495011   0.00000000    -0.00000001  -0.00000321     0.00006895   0.00036128
 -0.00000001   0.00000321     0.19413254   0.00000000     0.00000127   0.00000011
  0.00006895  -0.00036128     0.00000127  -0.00000011     0.34358070   0.00000000
    2    3
  0.00936859   0.00000745     0.00000002  -0.00000294     0.00007015   0.00071220
 -0.00000001   0.00000291     0.00856765   0.00000003     0.00000626   0.00000028
  0.00007010   0.00071219    -0.00000627  -0.00000031    -0.03788006  -0.00001214
    3    1
 -0.20416053   0.00000738    -0.00000020   0.00117759    -0.00013949  -0.00464863
 -0.00000002   0.00121637    -0.20267304   0.00000006    -0.00002589  -0.00000060
 -0.00013925  -0.00360189    -0.00003685  -0.00000414    -0.30563542  -0.00001186
    3    2
  0.00936859  -0.00000745    -0.00000001  -0.00000291     0.00007010  -0.00071219
  0.00000002   0.00000294     0.00856765  -0.00000003    -0.00000627   0.00000031
  0.00007015  -0.00071220     0.00000626  -0.00000028    -0.03788006   0.00001214
    3    3
  0.19494873   0.00000000    -0.00000007  -0.00000327     0.00006851  -0.00036116
 -0.00000007   0.00000327     0.19412937   0.00000000    -0.00000138   0.00000031
  0.00006851   0.00036116    -0.00000138  -0.00000031     0.34358221   0.00000000

     Effective Charges U-E: Z_{s,alpha}{beta}

     atom #    1
      0.113271670391E-06      0.303029547243E-02      0.000000000000E+00      0.000000000000E+00      0.000000000000E+00      0.000000000000E+00
      0.888526951358E-04     -0.175304558905E-07      0.000000000000E+00      0.000000000000E+00      0.000000000000E+00      0.000000000000E+00
      0.204102027206E-07      0.285578521774E-03      0.000000000000E+00      0.000000000000E+00      0.000000000000E+00      0.000000000000E+00
     atom #    2
     -0.389322924346E-04     -0.153764491259E-02      0.000000000000E+00      0.000000000000E+00      0.000000000000E+00      0.000000000000E+00
      0.646095046110E-05     -0.200384221188E-06      0.000000000000E+00      0.000000000000E+00      0.000000000000E+00      0.000000000000E+00
     -0.102819177677E-03     -0.159518683991E-03      0.000000000000E+00      0.000000000000E+00      0.000000000000E+00      0.000000000000E+00
     atom #    3
      0.389377671212E-04     -0.153762973476E-02      0.000000000000E+00      0.000000000000E+00      0.000000000000E+00      0.000000000000E+00
      0.653173306668E-05      0.128147946352E-06      0.000000000000E+00      0.000000000000E+00      0.000000000000E+00      0.000000000000E+00
      0.102789866036E-03     -0.159632334673E-03      0.000000000000E+00      0.000000000000E+00      0.000000000000E+00      0.000000000000E+00

     Diagonalizing the dynamical matrix

     q = (    0.010000000   0.000000000   0.010000000 ) 

 **************************************************************************
     freq (    1) =       0.185579 [THz] =       6.190254 [cm-1]
 ( -0.000432 -0.000924 -0.015787 -0.576659  0.019805  0.000047 ) 
 (  0.002874 -0.000402 -0.015790 -0.576848  0.019810  0.000094 ) 
 (  0.002877 -0.001626 -0.015783 -0.576858  0.019788  0.000000 ) 
     freq (    2) =       0.198060 [THz] =       6.606583 [cm-1]
 ( -0.003451  0.000027 -0.000582 -0.019790 -0.576725 -0.000034 ) 
 ( -0.003337 -0.017769 -0.000478 -0.019817 -0.576864 -0.000067 ) 
 ( -0.003341  0.017817 -0.000687 -0.019818 -0.576862  0.000000 ) 
     freq (    3) =       0.245642 [THz] =       8.193749 [cm-1]
 (  0.285234 -0.501907 -0.000980  0.000521 -0.001748  0.002956 ) 
 (  0.285151 -0.501987  0.002050  0.002243  0.003454  0.005915 ) 
 (  0.285336 -0.501883  0.002049  0.002244 -0.006952  0.000000 ) 
     freq (    4) =       8.290377 [THz] =     276.537208 [cm-1]
 ( -0.000000  0.000000 -0.000005  0.000001 -0.000037  0.000001 ) 
 ( -0.000480 -0.000509 -0.702299  0.082302 -0.000056 -0.000001 ) 
 (  0.000480  0.000509  0.702302 -0.082302 -0.000055  0.000000 ) 
     freq (    5) =       8.292177 [THz] =     276.597247 [cm-1]
 (  0.000025 -0.000002  0.000000 -0.000000  0.006959 -0.000004 ) 
 ( -0.000334 -0.706997  0.000560  0.000416  0.011396 -0.000010 ) 
 (  0.000258  0.706998 -0.000561 -0.000418  0.011396  0.000000 ) 
     freq (    6) =      11.191980 [THz] =     373.324275 [cm-1]
 ( -0.000009 -0.002586 -0.427348 -0.001429 -0.000000 -0.000000 ) 
 (  0.000001  0.007733  0.639239  0.002137  0.000590  0.000002 ) 
 (  0.000001  0.007733  0.639226  0.002138 -0.000589  0.000000 ) 
     freq (    7) =      11.233617 [THz] =     374.713127 [cm-1]
 (  0.011514  0.426470 -0.002675  0.000054 -0.000016 -0.000583 ) 
 ( -0.017300 -0.638435  0.007660 -0.000181 -0.032167  0.001744 ) 
 ( -0.017175 -0.638433  0.007659 -0.000180  0.032214  0.000000 ) 
     freq (    8) =      11.887713 [THz] =     396.531429 [cm-1]
 (  0.000004 -0.017214 -0.000198  0.000000  0.000002  0.000070 ) 
 (  0.000003  0.018432  0.000127 -0.000001 -0.706764 -0.000209 ) 
 ( -0.000012  0.018431  0.000127 -0.000000  0.706759  0.000000 ) 
     freq (    9) =      13.744389 [THz] =     458.463469 [cm-1]
 ( -0.000587 -0.000000  0.000000 -0.000009 -0.427381 -0.000076 ) 
 (  0.000876  0.004008 -0.000020  0.000007  0.639258  0.000227 ) 
 (  0.000877 -0.004008  0.000019  0.000006  0.639266  0.000000 ) 
 **************************************************************************
