atom no. 0
  0.00   0.00   0.00    -5.885e-10 +0.000e+00  +4.878e-10 +0.000e+00  +1.941e-07 +0.000e+00  
  0.01   0.00   0.00    +3.178e-08 +1.906e-03  +5.591e-05 +8.955e-09  +2.520e-08 -5.050e-08  
  0.02   0.00   0.00    +7.480e-08 +3.682e-03  +2.199e-04 +5.437e-08  -8.918e-09 +9.402e-08  
  0.00   0.01   0.00    -1.044e-07 +2.407e-08  -5.588e-05 +1.906e-03  +6.051e-08 +2.871e-09  
  0.00   0.02   0.00    -4.807e-08 +1.388e-07  -2.203e-04 +3.682e-03  -6.004e-09 -1.888e-08  
  0.00   0.00   0.01    -1.790e-07 -2.433e-07  +5.921e-07 +1.069e-07  -3.498e-07 +7.084e-04  
  0.00   0.00   0.02    +4.295e-08 -8.837e-08  -8.452e-09 +6.134e-08  +6.884e-08 +1.356e-03  
  0.01   0.01   0.00    +1.112e-04 +1.884e-03  +7.931e-08 +1.884e-03  +3.095e-10 -2.005e-08  
  0.01   0.00   0.01    +1.133e-07 +3.030e-03  +8.885e-05 -1.753e-08  +2.041e-08 +2.856e-04  
  0.00   0.01   0.01    +1.161e-07 +8.879e-08  -8.893e-05 +3.030e-03  -1.030e-07 +2.856e-04  
  0.01   0.02   0.00    +2.188e-04 +1.819e-03  -1.641e-04 +3.639e-03  +5.004e-08 +1.299e-08  
  0.02   0.01   0.00    +2.194e-04 +3.639e-03  +1.644e-04 +1.819e-03  +9.354e-09 +6.265e-09  
  0.01   0.00   0.02    -2.028e-07 +4.698e-03  +1.383e-04 +1.511e-07  +3.523e-08 +8.435e-04  
  0.02   0.00   0.01    -3.471e-08 +4.299e-03  +2.572e-04 -9.444e-08  +6.711e-08 +2.158e-04  
  0.00   0.01   0.02    -1.715e-07 -3.553e-07  -1.381e-04 +4.699e-03  -1.502e-07 +8.438e-04  
  0.00   0.02   0.01    -2.426e-08 -6.312e-08  -2.577e-04 +4.300e-03  +1.257e-08 +2.156e-04  


atom no. 1
  0.00   0.00   0.00    +1.305e-09 +0.000e+00  -1.188e-09 +0.000e+00  -1.433e-07 +0.000e+00  
  0.01   0.00   0.00    +2.289e-08 -9.653e-04  +4.087e-06 -8.601e-09  -6.577e-05 +4.114e-08  
  0.02   0.00   0.00    +6.518e-08 -1.939e-03  +1.619e-05 -2.520e-08  -2.581e-04 -8.474e-08  
  0.00   0.01   0.00    -3.274e-09 +3.683e-08  -4.093e-06 -9.655e-04  -6.581e-05 +1.601e-07  
  0.00   0.02   0.00    +5.400e-08 -4.484e-08  -1.618e-05 -1.939e-03  -2.581e-04 +1.450e-06  
  0.00   0.00   0.01    -3.557e-09 +1.690e-07  -2.527e-07 -1.669e-07  +4.877e-06 -3.647e-04  
  0.00   0.00   0.02    -2.434e-08 +1.430e-07  -1.052e-07 -1.705e-07  +1.939e-05 -7.593e-04  
  0.01   0.01   0.00    +8.156e-06 -9.666e-04  +3.227e-08 -9.666e-04  -1.307e-04 -3.200e-07  
  0.01   0.00   0.01    -3.893e-05 -1.538e-03  +6.461e-06 -2.004e-07  -1.028e-04 -1.595e-04  
  0.00   0.01   0.01    +3.877e-08 +1.210e-08  -4.544e-05 -1.537e-03  -1.029e-04 -1.593e-04  
  0.01   0.02   0.00    +1.611e-05 -9.708e-04  -1.213e-05 -1.942e-03  -3.206e-04 +3.688e-07  
  0.02   0.01   0.00    +1.605e-05 -1.942e-03  +1.205e-05 -9.708e-04  -3.206e-04 -1.895e-06  
  0.01   0.00   0.02    -1.212e-04 -2.398e-03  +1.008e-05 -6.842e-07  -1.515e-04 -5.118e-04  
  0.02   0.00   0.01    -5.418e-05 -2.269e-03  +1.895e-05 -6.001e-07  -3.007e-04 -1.481e-04  
  0.00   0.01   0.02    +1.966e-07 +1.130e-07  -1.316e-04 -2.398e-03  -1.515e-04 -5.115e-04  
  0.00   0.02   0.01    +6.682e-08 -3.850e-10  -7.303e-05 -2.269e-03  -3.006e-04 -1.463e-04  


atom no. 2
  0.00   0.00   0.00    +7.400e-10 +0.000e+00  +2.021e-10 +0.000e+00  +2.176e-07 +0.000e+00  
  0.01   0.00   0.00    +1.782e-08 -9.654e-04  +4.070e-06 +2.379e-08  +6.575e-05 -5.041e-09  
  0.02   0.00   0.00    -2.509e-08 -1.939e-03  +1.620e-05 +3.407e-08  +2.581e-04 -7.598e-08  
  0.00   0.01   0.00    +3.025e-08 -8.869e-09  -4.120e-06 -9.654e-04  +6.577e-05 -1.696e-07  
  0.00   0.02   0.00    +5.989e-08 -4.464e-08  -1.621e-05 -1.939e-03  +2.581e-04 -1.429e-06  
  0.00   0.00   0.01    +4.375e-08 +9.036e-08  -2.141e-07 +7.021e-08  -4.668e-06 -3.646e-04  
  0.00   0.00   0.02    -6.926e-08 +6.766e-08  -1.161e-07 -5.694e-08  -1.911e-05 -7.595e-04  
  0.01   0.01   0.00    +8.192e-06 -9.667e-04  +2.882e-08 -9.667e-04  +1.307e-04 +3.142e-07  
  0.01   0.00   0.01    +3.894e-05 -1.538e-03  +6.532e-06 +1.281e-07  +1.028e-04 -1.596e-04  
  0.00   0.01   0.01    -9.967e-08 -1.119e-08  +3.245e-05 -1.538e-03  +1.030e-04 -1.598e-04  
  0.01   0.02   0.00    +1.614e-05 -9.708e-04  -1.215e-05 -1.942e-03  +3.206e-04 -3.764e-07  
  0.02   0.01   0.00    +1.604e-05 -1.942e-03  +1.207e-05 -9.708e-04  +3.206e-04 +1.945e-06  
  0.01   0.00   0.02    +1.213e-04 -2.398e-03  +1.005e-05 +6.204e-07  +1.514e-04 -5.120e-04  
  0.02   0.00   0.01    +5.412e-05 -2.269e-03  +1.896e-05 +6.368e-07  +3.005e-04 -1.481e-04  
  0.00   0.01   0.02    -1.434e-08 +8.167e-08  +1.110e-04 -2.399e-03  +1.517e-04 -5.125e-04  
  0.00   0.02   0.01    -2.356e-08 -5.578e-08  +3.527e-05 -2.270e-03  +3.007e-04 -1.497e-04  


