atom no. 0
  0.0032  -0.0032   0.0000  -0.0006   0.0010  -5.3848 
 -5.3848   5.3848  -0.0000   0.0010   0.0006  -0.0032 
 -0.0021  -0.0021   0.0004   0.0000  -0.0000   0.0000 


atom no. 1
 -0.0077   0.0077   0.0000   0.0000  -0.2227  -0.3877 
 -0.3877   0.3877   0.0000  -0.2227  -0.0000   0.0077 
  7.6295   7.6295  -0.3011  -0.0000  -0.0000  -0.0000 


atom no. 2
  0.0076  -0.0076  -0.0000   0.0008   0.2223  -0.4031 
 -0.4031   0.4031  -0.0000   0.2223  -0.0008  -0.0076 
 -7.6262  -7.6262   0.3004   0.0000   0.0000  -0.0000 


